# callgrind format
version: 1
creator: callgrind-3.18.1
pid: 4854
cmd:  ./main
part: 1


desc: I1 cache: 
desc: D1 cache: 
desc: LL cache: 

desc: Timerange: Basic block 0 - 182457964
desc: Trigger: Program termination

positions: line
events: Ir
summary: 735620811


ob=(3) /usr/lib/x86_64-linux-gnu/libc.so.6
fl=(127) ./string/../sysdeps/x86_64/multiarch/rawmemchr.c
fn=(406) rawmemchr
31 1
fi=(123) ./string/../sysdeps/x86_64/multiarch/ifunc-evex.h
+4 5
-1 2
+2 3
+5 2
-3 2
+9 3
+3 4
fe=(127)
-19 1

fl=(185) ./stdio-common/./stdio-common/_itoa.c
fn=(712) _itoa_word
163 276
+3 552
+2 276
+9 8424
+9 276

fl=(117) ./string/../sysdeps/x86_64/multiarch/strlen.c
fn=(378) strlen
29 1
fi=(83) ./string/../sysdeps/x86_64/multiarch/ifunc-avx2.h
+4 5
-1 2
+2 3
+2 2
+4 3
+3 4
fe=(117)
-14 1

fl=(165) ./libio/./libio/iogetline.c
fn=(572) _IO_getline
33 23347
+1 46694
cfn=(574) _IO_getline_info
calls=23347 +15 
* 2465933

fn=(574)
49 326858
+2 46694
+2 70041
+2 93388
+28 23585
+2 117925
cob=(2) ???
cfi=(51) ???
cfn=(602) 0x0000000004874420
calls=23585 -85 
* 578158
* 23585
+1 47170
+14 735
+3 245
-3 245
cob=(2)
cfi=(51)
cfn=(606) 0x0000000004874620
calls=245 0 
* 14224
+2 245
-1 245
-46 490
+2 71520
+1 47680
+2 510
cfi=(166) ./libio/./libio/genops.c
cfn=(576) __uflow
calls=255 299 
* 41622
+1 510
+6 508
+11 248
-1 496
-22 496
+51 12
+1 56
-18 23340
+1 23340
-2 46680
+1 23340
+1 46680
+2 23340
+2 46680
+2 116700
cob=(2)
cfi=(51)
cfn=(606)
calls=23340 -96 
* 351559
+1 23340
+1 23340
-1 23340
+10 186720
-44 1
+25 2
-25 2
+6 18
+1 18
-16 2

fl=(99) ./string/../sysdeps/x86_64/multiarch/stpncpy.c
fn=(334) stpncpy
31 1
fi=(100) ./string/../sysdeps/x86_64/multiarch/ifunc-strcpy.h
+5 2
+1 1
-1 2
+1 2
+2 2
+4 3
+3 3
fe=(99)
-15 1

fl=(180) ./string/../sysdeps/x86_64/multiarch/strlen-avx2.S
fn=(656) __strlen_avx2
50 23324
+13 23324
+1 23324
+1 23324
+3 23324
+2 23324
+1 23324
+3 23324
+1 23324
+8 23324
+1 23324
+1 23324
+5 46648

fl=(126) ./string/../sysdeps/x86_64/multiarch/strncase.c
fn=(404) strncasecmp
31 1
fi=(197) ./string/../sysdeps/x86_64/multiarch/ifunc-strcasecmp.h
+1 5
fe=(126)
-1 1

fl=(155) ./setjmp/../sysdeps/x86_64/setjmp.S
fn=(536) __sigsetjmp
30 1
+2 1
+9 1
+1 2
+1 1
+4 1
+1 1
+1 1
+1 1
+1 1
+2 2
+2 1
+1 1
+1 1
+2 2
+2 1
+5 1
+1 1
+17 1
cfi=(156) ./setjmp/./setjmp/sigjmp.c
cfn=(538) __sigjmp_save
calls=1 -56 
* 9

fl=(162) ./misc/./misc/sbrk.c
fn=(564) sbrk
37 90
+6 45
-6 45
+3 45
-3 90
+3 45
+3 45
+20 1
+15 225
-20 90
+1 2
cfi=(163) ./misc/../sysdeps/unix/sysv/linux/brk.c
cfn=(566) brk
calls=1 -24 
* 9
* 2
+4 1
-1 90
+4 176
+8 44
cfi=(163)
cfn=(566)
calls=44 -39 
* 396
* 88

fl=(101) ./wcsmbs/../sysdeps/x86_64/multiarch/wmemchr.c
fn=(338) wmemchr
31 2
fi=(102) ./wcsmbs/../sysdeps/x86_64/multiarch/ifunc-evex.h
+4 10
-1 4
+2 6
+5 4
-3 4
+9 6
+3 8
fe=(101)
-19 2

fl=(138) ./resource/../sysdeps/unix/sysv/linux/getrlimit64.c
fn=(444) getrlimit
38 2
+1 7
+1 1

fl=(90) ./wcsmbs/../sysdeps/x86_64/multiarch/wcslen.c
fn=(308) wcslen
29 1
fi=(87) ./wcsmbs/../sysdeps/x86_64/multiarch/ifunc-wcslen.h
+5 4
-1 2
+2 3
+2 2
+4 3
+3 3
fe=(90)
-15 1

fl=(105) ./string/../sysdeps/x86_64/multiarch/strcspn.c
fn=(346) strcspn
29 1
fi=(198) ./string/../sysdeps/x86_64/multiarch/ifunc-sse4_2.h
+1 5
fe=(105)
-1 1

fl=(124) ./string/../sysdeps/x86_64/multiarch/strspn.c
fn=(398) strspn
29 1
fi=(198)
+1 5
fe=(124)
-1 1

fl=(191) ./nptl/./nptl/pthread_mutex_lock.c
fn=(746) pthread_mutex_lock@@GLIBC_2.2.5
77 1
+3 3
+2 1
+2 2
-7 2
+11 2
+79 1
+3 1
+2 1
+3 1
+2 1
+1 3
-81 2
+11 4
+4 1
+3 2
-71 1
+1 8
+1 1
+84 3
+1 2

fl=(118) ./string/../sysdeps/x86_64/multiarch/strncpy.c
fn=(382) strncpy
29 1
fi=(100)
+7 2
+1 1
-1 2
+1 2
+2 2
+4 3
+3 3
fe=(118)
-17 1

fl=(179) ./libio/./libio/ioputs.c
fn=(652) puts
33 186592
+2 23324
cob=(2)
cfi=(51)
cfn=(654) 0x0000000004874490
calls=23324 -35 
* 373184
+1 23324
-1 23324
+1 279888
+3 23324
-3 23324
+3 23324
-3 23324
+3 46648
-1 46646
+1 1
+1 1
fi=(174) ./libio/./libio/libioP.h
940 3
+2 2
+1 2
fe=(179)
40 23323
fi=(174)
940 69969
+2 46646
+1 46646
fe=(179)
40 69972
cfi=(167) ./libio/./libio/fileops.c
cfn=(658) _IO_file_xsputn@@GLIBC_2.2.5
calls=23324 1197 
* 1479733
* 46648
+1 163241
+1 93260
fi=(174)
883 46630
fe=(179)
42 36
fi=(174)
883 18
+1 233240
fe=(179)
46 163268
-5 18
cfi=(166)
cfn=(736) __overflow
calls=9 199 
* 1530
* 18

fl=(84) ./string/../sysdeps/x86_64/multiarch/strpbrk.c
fn=(296) strpbrk
29 1
fi=(198)
+1 5
fe=(84)
-1 1

fl=(106) ./wcsmbs/../sysdeps/x86_64/multiarch/wcscpy.c
fn=(348) wcscpy
43 1
-6 5
+6 1

fl=(168) ./libio/./libio/filedoalloc.c
fn=(584) _IO_file_doallocate
78 18
+6 8
fi=(174)
940 6
+2 4
+1 4
fe=(168)
84 6
cfi=(167)
cfn=(586) _IO_file_stat
calls=2 1146 
* 36
* 4
+2 8
+11 8
+4 4
cob=(2)
cfi=(51)
cfn=(592) 0x0000000004874380
calls=2 0 
* 374
* 2
+1 4
+2 8
cfi=(166)
cfn=(594) _IO_setb
calls=2 329 
* 48
+1 2
+1 16

fl=(186) ./libio/./libio/putchar.c
fn=(718) putchar
25 154
+2 286
+1 22
-1 44
+1 88
+3 132
-3 66
fi=(174)
883 44
+1 220
fe=(186)

fl=(187) ./io/../sysdeps/unix/sysv/linux/write.c
fn=(726) write
25 52
+1 364
+1 52

fl=(119) ./wcsmbs/../sysdeps/x86_64/multiarch/wmemcmp.c
fn=(386) wmemcmp
29 1
fi=(120) ./wcsmbs/../sysdeps/x86_64/multiarch/ifunc-memcmp.h
+5 2
+1 1
-1 2
+1 2
+1 2
+1 3
+2 2
+4 3
+3 3
fe=(119)
-17 1

fl=(160) ./stdlib/../sysdeps/unix/sysv/linux/getrandom.c
fn=(550) getrandom
28 1
+1 7
+1 1

fl=(167)
fn=(598) _IO_file_read
1130 255
+1 255
+2 255
-1 255
+1 510
cfi=(171) ./io/../sysdeps/unix/sysv/linux/read.c
cfn=(600) read
calls=255 25 
* 2040

fn=(810) _IO_file_sync@@GLIBC_2.2.5
792 10
+5 8
+2 2
+1 4
+11 4
+4 8

fn=(580) _IO_file_underflow@@GLIBC_2.2.5
461 255
+4 765
-4 2040
+7 510
+6 765
+3 510
+12 508
+9 510
fi=(174)
940 255
+2 255
-2 255
fe=(167)
505 510
cfi=(166)
cfn=(596) _IO_switch_to_get_mode
calls=255 164 
* 6375
+6 255
+5 255
-5 255
fi=(174)
942 510
fe=(167)
511 255
fi=(174)
942 255
fe=(167)
511 765
fi=(174)
943 510
fe=(167)
516 1020
cfn=(598)
calls=255 1130 
* 3570
+2 510
+16 254
-9 254
+9 508
+2 508
+1 2032
-6 1
-10 5
+11 1
-11 2
+16 8
-57 3
+5 2
cfi=(166)
cfn=(582) _IO_doallocbuf
calls=1 343 
* 306
+4 4

fn=(662) _IO_do_write@@GLIBC_2.2.5
423 53
+2 159
+1 1
-3 52
fi=(174)
940 52
fe=(167)
423 104
fi=(174)
940 52
fe=(167)
423 52
fi=(174)
940 104
fe=(167)
423 260
+20 52
-10 104
+7 208
fi=(174)
942 104
+1 104
fe=(167)
448 208
cfn=(724) _IO_file_write@@GLIBC_2.2.5
calls=52 1173 
* 2392
* 52
+1 260
+2 52
+4 104
-3 104
-1 104
+4 156
-2 52
-28 208
+1 416
+28 156

fn=(724)
1173 364
+2 312
+5 52
cfi=(187)
cfn=(726)
calls=52 25 
* 468
+1 104
+5 52
+1 52
-12 104
+4 156
+1 104
+10 156
+3 312
-4 156

fn=(660) _IO_file_overflow@@GLIBC_2.2.5
731 265
+1 212
+7 263
+37 52
-2 106
+3 18
+3 27
+1 27
+1 18
+4 9
+1 36
-45 2
+12 2
+9 3
+5 3
+2 2
-3 2
+3 1
+1 1
-6 1
+1 1
+5 4
+16 44
-12 44
+1 44
+11 88
-12 44
cfn=(662)
calls=44 423 
* 4735
+3 27
+2 18
-2 27
cfn=(662)
calls=9 423 
* 990
* 18
-34 2
cfi=(166)
cfn=(582)
calls=1 343 
* 306
+1 1
+9 1
-9 5

fn=(806) _IO_file_setbuf@@GLIBC_2.2.5
381 6
+1 2
cfi=(166)
cfn=(808) _IO_default_setbuf
calls=2 +70 
* 138
* 4
+3 2
+4 4
-2 6
+3 4

fn=(658)
1197 118690
+7 23738
-7 71214
+6 94632
+9 47156
-2 94312
+17 70734
+1 23567
+3 70701
+2 23567
+2 23567
+2 47134
-2 23567
+1 23567
+1 23567
-2 23567
cob=(2)
cfi=(51)
cfn=(668) 0x00000000048743e0
calls=23567 0 
* 401408
* 23567
+4 47134
+28 213642
-36 11
+12 11
fi=(174)
940 33
+2 22
+1 22
fe=(167)
1243 32
fi=(174)
940 96
+2 64
+1 64
fe=(167)
1243 129
cfn=(660)
calls=43 731 
* 5948
* 86
+6 86
+1 301
+2 86
+11 129
+1 172
cfi=(166)
cfn=(664) _IO_default_xsputn
calls=43 371 
* 3155
+2 129

fn=(586)
1146 2
+1 4
cfi=(169) ./io/../sysdeps/unix/sysv/linux/fstat64.c
cfn=(588) fstat
calls=2 29 
* 30

fl=(152) ./stdlib/./stdlib/cxa_atexit.c
fn=(512) __cxa_atexit
69 9
-28 2
+2 6
+1 2
cfn=(514) __new_exitfn
calls=1 +38 
* 32
+2 2
+10 1
+2 1
-5 3
+3 1
-1 1
+4 2
+1 1
-1 2
+12 6

fn=(514)
82 1
+6 2
-6 4
+11 4
-10 2
+12 4
-2 1
+10 1
-10 3
+45 1
+5 1
-4 1
+4 4
-18 1
-1 1
+1 1

fl=(188) ./stdlib/./stdlib/exit.c
fn=(740) __run_exit_handlers
40 11
+5 2
+3 5
+50 1
-42 1
+2 3
+8 6
+2 1
+3 1
-3 1
+3 6
+34 1
+1 1
+1 1
-2 1
+7 1
-3 2
+3 3
+1 3
cob=(1) /usr/lib/x86_64-linux-gnu/ld-linux-x86-64.so.2
cfi=(190) ./elf/./elf/dl-fini.c
cfn=(744) _dl_fini
calls=1 -82 
* 897
+1 4
+10 2
+1 2
-63 1
+69 4
+2 2
+1 6
cfi=(166)
cfn=(798) _IO_cleanup
calls=1 863 
* 641
* 3
+2 2
cfi=(196) ./posix/../sysdeps/unix/sysv/linux/_exit.c
cfn=(812) _Exit
calls=1 27 
* 5
-90 1
cfi=(189) ./stdlib/./stdlib/cxa_thread_atexit_impl.c
cfn=(742) __call_tls_dtors
calls=1 149 
* 12
* 1

fn=(738) exit
142 3
+1 3
-1 1
+1 1
cfn=(740)
calls=1 40 
* 1634

fl=(93) ./wcsmbs/../sysdeps/x86_64/multiarch/wcschr.c
fn=(316) wcschr
31 2
fi=(94) ./wcsmbs/../sysdeps/x86_64/multiarch/ifunc-avx2.h
+2 10
-1 4
+2 6
+2 4
+4 6
+3 8
fe=(93)
-12 2

fl=(194) ./posix/./posix/register-atfork.c
fn=(760) __unregister_atfork
76 4
+1 2
-1 2
+1 6
fi=(195) ./posix/../malloc/dynarray-skeleton.c
243 2
fe=(194)
65 4
+38 8
+1 4

fl=(181) ./debug/./debug/printf_chk.c
fn=(702) __printf_chk
25 1518
+7 138
-4 276
+4 276
-4 138
+5 138
-1 138
+1 138
-5 138
+4 138
+1 138
-1 138
+1 138
cfi=(182) ./stdio-common/./stdio-common/vfprintf-internal.c
cfn=(704) __vfprintf_internal
calls=138 1180 
* 84326
+4 690

fl=(88) ./string/../sysdeps/x86_64/multiarch/memset.c
fn=(304) memset
29 1
fi=(89) ./string/../sysdeps/x86_64/multiarch/ifunc-memset.h
+21 5
+3 3
+7 2
+9 2
+2 2
+10 2
+8 2
+2 5
fe=(88)

fl=(96) ./string/../sysdeps/x86_64/multiarch/strrchr.c
fn=(322) rindex
28 1
fi=(83)
+5 5
-1 2
+2 3
+2 2
+4 3
+3 4
fe=(96)
-15 1

fl=(163)
fn=(566)
35 45
+1 180
+1 90
+6 45
+1 45

fl=(109) ./string/../sysdeps/x86_64/multiarch/memcmp.c
fn=(356) bcmp
29 1
fi=(110) ./string/../sysdeps/x86_64/multiarch/ifunc-memcmp.h
+5 2
+1 1
-1 2
+1 2
+1 2
+1 3
+2 2
+4 3
+3 3
fe=(109)
-17 1

fl=(121) ./string/../sysdeps/x86_64/multiarch/stpcpy.c
fn=(390) stpcpy
33 1
fi=(100)
+3 2
+1 1
-1 2
+1 2
+2 2
+4 3
+3 3
fe=(121)
-13 1

fl=(95) ./string/../sysdeps/x86_64/multiarch/strchr.c
fn=(320) index
61 1
-20 2
+1 1
-1 2
-1 2
+2 2
+2 2
+4 3
+3 3
+10 1

fl=(115) ./string/../sysdeps/x86_64/multiarch/strcpy.c
fn=(372) strcpy
29 1
fi=(100)
+7 2
+1 1
-1 2
+1 2
+2 2
+4 3
+3 3
fe=(115)
-17 1

fl=(149) ./libio/./libio/vtables.c
fn=(504) check_stdfiles_vtables
83 1
+1 4
+1 3
+1 3
+2 1

fl=(172) ./string/../sysdeps/x86_64/multiarch/memchr-avx2.S
fn=(604) __memchr_avx2
60 23585
+7 23585
+2 23585
+3 23585
+1 23585
+2 23585
+1 23585
+1 23585
+1 23585
+3 23422
+1 23422
+3 23422
+1 23422
+2 23247
+1 23247
+1 22205
+1 22205
+1 44410
+6 175
+5 175
+1 175
+1 175
+1 175
+1 350
+11 163
+3 163
+1 163
+1 163
+4 163
+1 163
+7 163
+3 163
+1 163
+2 163
+1 163
+1 38
+1 38
+2 76
+4 124
+1 124
+1 124
+1 248
+4 8
+1 8
+1 8
+1 16
+4 2
+1 2
+1 2
+1 4
+5 10
+1 10
+1 10
+1 20
+10 1167
+1 1167
+1 1167
+2 1167
+10 1167
+1 1167
+3 1167
+1 1167
+2 1135
+1 1135
+2 1011
+1 1011
+1 1011
+1 1011
+2 1003
+1 1003
+1 1003
+1 1003
+2 1001
+1 1001
+1 1001
+1 1001
+4 991
+1 991
+3 963
+1 963
+1 963
+1 963
+5 1926
+10 963
+1 963
+1 963
+1 963
+1 963
+1 963
+1 963
+2 963
+6 963
+1 963
-15 2394
+1 2394
+1 2394
+1 2394
+1 2394
+1 2394
+1 2394
+2 2394
+6 2394
+1 2394
+2 2477
+2 2477
+1 2477
+4 83
+1 166
+8 83
+1 83
-1 32
+1 32
+3 107
+1 107
+4 22
+1 22
+3 12
+1 12
+1 12
+1 12
+1 12
+1 1
+1 1
+2 22
+8 880
+1 880
+1 880
+2 663
+1 663
+1 663
+2 422
+2 422
+1 422
+1 422
+4 422
+2 422
+1 844
+5 8
+2 8
+2 8
+1 8
+1 8
+1 8
+1 16
+3 11
+1 22
+5 217
+4 217
+2 217
+1 434
+4 246
+4 246
+2 246
+1 492
+5 28
+1 28
+5 28
+2 28
+1 28
+3 28
+1 51
+3 23
+1 23
+1 23
+1 23
-3 90
+1 90
+1 90
+1 90
+2 108
+1 108
+3 108
+1 108
+3 108
+1 108
+4 99
+1 99
+2 80
+1 80
+2 80
+1 80
+1 80
+1 2
+1 2
+1 2
+2 198
+4 9
+1 9
+1 9
+1 18

fl=(122) ./string/../sysdeps/x86_64/multiarch/memchr.c
fn=(394) memchr
29 1
fi=(123)
+6 5
-1 2
+2 3
+5 2
-3 2
+9 3
+3 4
fe=(122)
-21 1

fl=(178) ./stdlib/../stdlib/strtol_l.c
fn=(622) ____strtol_l_internal
225 423207
+54 141069
-54 564276
+19 141069
-19 423207
+14 141069
-14 141069
+26 282138
+31 564276
+9 846414
+2 282138
+5 282138
-1 141069
+6 282138
+4 282138
+10 281660
+10 563320
-82 281660
377 140830
+56 563320
309 141069
449 141069
+10 423207
-10 141069
+10 141069
+12 282138
-5 559741
+5 559741
+1 1679223
-41 1119482
+2 2048854
+2 1817265
+7 92028
+17 92028
+4 1679223
+3 1119482
+11 282138
+5 423207
+6 282138
324 281660
491 423207
-2 282138
+17 705345
+18 1128552
309 478
+15 478
+3 717
-82 239
377 239
-50 478

fl=(184) ./nptl/./nptl/libc-cleanup.c
fn=(714) __libc_cleanup_pop_restore
39 140
+3 280
+2 280
+1 280
+2 140

fn=(710) __libc_cleanup_push_defer
24 140
+3 280
+3 560
+1 140
+2 140
+1 140

fl=(189)
fn=(742)
149 4
+1 4
+18 4

fl=(156)
fn=(538)
28 3
+2 2
-1 1
+5 3

fl=(97) ./string/../sysdeps/x86_64/multiarch/memmove.c
fn=(326) memmove
29 2
fi=(92) ./string/../sysdeps/x86_64/multiarch/ifunc-memmove.h
+24 6
-1 4
+4 6
+14 4
+2 4
+8 4
+8 4
+2 10
fe=(97)

fl=(82) ./string/../sysdeps/x86_64/multiarch/strnlen.c
fn=(292) strnlen
31 2
fi=(83)
+2 10
-1 4
+2 6
+2 4
+4 6
+3 8
fe=(82)
-12 2

fl=(111) ./wcsmbs/../sysdeps/x86_64/multiarch/wmemset.c
fn=(360) wmemset
31 2
fi=(112) ./wcsmbs/../sysdeps/x86_64/multiarch/ifunc-wmemset.h
+2 10
+1 6
+2 4
+8 6
+3 8
fe=(111)
-16 2

fl=(116) ./string/../sysdeps/x86_64/multiarch/strcasecmp_l.c
fn=(376) strcasecmp_l
31 1
fi=(197)
+1 5
fe=(116)
-1 1

fl=(164) ./libio/./libio/iofgets.c
fn=(570) fgets
32 140082
+5 93388
+2 70041
+8 280164
+4 23347
-4 46694
+4 23347
+1 23347
+1 46694
-1 23347
+1 93388
-2 23347
+2 23347
cfi=(165)
cfn=(572)
calls=23347 -20 
* 2535974
+3 23347
+1 23347
-1 46694
+7 2
fi=(174)
883 2
+1 210123
fe=(164)
66 163429
-10 46692
+4 23346
+3 93384
fi=(174)
883 70038
fe=(164)

fl=(196)
fn=(812)
27 2
+3 1
+1 2

fl=(91) ./string/../sysdeps/x86_64/multiarch/memcpy.c
fn=(312) memcpy@@GLIBC_2.14
29 2
fi=(92)
+24 6
-1 4
+4 6
+14 4
+2 4
+8 4
+8 4
+2 10
fe=(91)

fl=(158) ./malloc/./malloc/malloc.c
fn=(630) realloc
3400 4613050
+6 922610
+4 922610
+7 922610
+11 461305
-2 461305
+5 461305
-3 922610
+2 922610
+4 1383915
fi=(159) ./malloc/./malloc/arena.c
162 1383915
fe=(158)
3442 1845220
+1 922610
1343 922610
+19 2767830
3452 922610
+31 1383915
+2 2306525
cfn=(634) _int_realloc
calls=461305 4818 
* 24449165
* 461305
+1 2306525
fi=(159)
162 1383915
fe=(158)
3486 922610
+29 4151745

fn=(634)
4818 3229135
+11 1845220
+1 2306525
+6 922610
+2 922610
+1 1383915
+2 1845220
+3 922610
+14 461305
+53 922610
-53 922610
+57 461305
-57 1383915
+55 922610
+2 922610
+1 461305
+16 461305
+1 4151745

fn=(554) tcache_init.part.0
3235 3
+9 8
+1 3
cfn=(556) _int_malloc
calls=1 1343 
* 367
* 1
+1 2
+8 4
+7 2
+2 1
+1 2
-1 1
+1 86
+3 4

fn=(558) sysmalloc
2548 396
+20 176
+11 88
+1 132
+26 44
+1 132
+1 44
+9 348
+6 132
+3 132
2941 88
+1 44
+5 88
+3 88
+5 88
-2 44
+2 44
-1 44
+1 44
-3 44
+3 44
+1 44
-1 132
+1 44
+2 88
+6 484
2687 88
+9 176
+13 132
+8 220
+8 88
+39 88
+2 132
+6 174
+1 43
2946 43
2773 129
+2 2
2896 1
-1 1
+1 3
+1 1
+11 2
fi=(159)
565 44
fe=(158)
2727 44
cfi=(161) ./malloc/./malloc/morecore.c
cfn=(562) __glibc_morecore
calls=44 25 
* 1906
+1 88
-1 44
+1 44
2028 44
2729 44
2028 44
2729 44
2028 88
2730 44
+3 88
+33 88
2610 88
2775 2
+40 3
+22 1
+1 1
-1 1
+1 6
+2 2
+1 3
cfi=(161)
cfn=(562)
calls=1 25 
* 28
+12 2
-12 1
+12 1
2028 4
2897 4
2765 2
-52 3

fn=(544) malloc
3287 9440166
+7 3146722
1343 3146720
+19 6293444
3306 6293444
+3 3146720
+10 876765
+28 1461275
1362 1477667
3304 4433001
-63 4
cfn=(554)
calls=1 -6 
* 484
+68 2
+1 4
+1 4720077
3193 2562212
+1 2562212
+2 1281106
+1 1281106
-1 3843318
+1 1281106
+1 1281106
3347 6405530
-26 1169020
cfn=(556)
calls=292255 1343 
* 59652795
+1 1461275
fi=(159)
162 584510
315 1
cfn=(548) ptmalloc_init.part.0
calls=1 -2 
* 1128
fe=(158)
1343 2

fn=(646) _int_free
4421 11614672
+10 1451834
-10 4355502
+10 2903668
+6 7259170
+1 2903668
+4 5807336
+8 7259170
-1 2903668
+1 2903668
+29 1451834
-20 1451834
-6 1451834
+6 2903668
+20 5807336
+14 2635700
+11 5271400
+2 3953550
2012 3953550
4527 1317850
+1 1317850
+4 3953550
+2 3953550
+4 2635700
+2 5271400
+1 1317850
+19 5267676
4702 15970174
3181 133984
+4 133984
-4 133984
+2 535936
+1 133984
+1 133984
4482 133984

fn=(556)
1343 584512
3771 292256
1362 292256
3771 2338048
1362 584512
3811 1348
+27 1348
+66 127663
+2 127663
-2 127663
+2 255326
+2 72
+1 144
+6 72
-4 72
+1 72
+1 72
+2 144
+7 288
-1 144
+1 144
3181 72
3927 72
3183 72
3927 72
3181 72
3927 1545
+1 916
+4 443
+1 443
+1 886
3181 443
3936 443
3185 443
3937 443
3181 443
+2 2215
-6 443
+9 443
-9 443
+8 443
+1 443
1362 583164
3811 583164
4397 583164
3838 583164
+63 6
+62 70
+1 6
+1 674
3838 1348
1362 674
3843 1348
+2 1348
+2 329182
-6 164591
+9 164591
+1 164591
-1 329182
+1 822955
+5 329182
+1 329182
+7 164591
-1 329182
+1 822955
+5 164591
+1 164591
3183 164591
3870 164591
+5 5733400
3181 2293360
+2 1146680
+2 1146680
-2 2293360
+2 1146680
-8 1146680
+8 1146680
3869 1146680
+1 5738017
+2 2293360
+2 1146680
+1 1146680
-1 2293360
-21 874737
-10 291579
+2 966144
4399 255182
3903 127591
4399 1658683
3983 127591
+1 127591
-1 255182
-1 255182
+2 255182
-1 2
+1 2
-1 4
-1 4
+2 4
-2 382776
+12 127592
-6 127592
+73 510368
-67 382777
-6 1
+73 4
-67 69
4158 2947
-91 2947
+91 5894
-91 2947
-74 2947
3181 2947
4067 2947
3181 5894
4025 5894
3183 5894
3997 11788
+1 2947
+2 5894
-3 4104
+1 1026
+2 2052
+1 11919
+2 3973
+1 15892
+2 15892
-10 3973
+12 7946
+1 7946
+2 7946
+11 15892
+31 1801
+1 1801
+4 3602
+29 3120
+2 3096
+1 4644
+1 1548
-1 1548
+57 1548
+2 3096
-2 3096
+2 1548
+7 1548
-9 4644
+9 1548
-7 1548
+1 1548
+1 1548
+6 3096
-10 12
+2 24
-2 24
+2 12
+7 12
-9 36
+9 12
-7 12
+1 12
+1 12
+6 24
3994 482
2005 493773
4413 2630304
2005 72
3944 72
2005 144
4060 241
+1 241
-1 241
+1 482
+5 241
-21 241
+21 241
+1 964
+28 60
+1 36
+1 12
-1 12
+4 24
+5 3
-2 6
+2 9
+1 6
+7 1
-1 4
+2 3
+52 4680
3994 4680
4183 250404
+2 6
+3 2
-3 2
+3 4
+68 250404
+1 125202
+1 125202
-1 125202
+1 125202
+1 250404
+1 375606
+5 254564
+16 5772
+2 11544
-4 14766
+8 1611
+3 3222
+2 566
+1 566
+1 566
-2 2264
-27 566
3181 241
+2 241
+2 241
-4 241
+2 964
4071 241
3184 241
+1 241
4071 241
+73 27
4023 5894
+1 5860
+5 2172
-1 4344
+3 2172
-1 2172
+1 4344
+1 2172
+1 4344
+2 104
+4 52
+6 52
-6 364
+2 156
+1 52
2005 156
4039 2120
+6 2120
-6 14840
+2 6360
+1 2120
2005 6360
4269 372762
+3 497008
-3 372501
+3 496648
-3 248300
+3 372423
+97 124157
+1 248314
+2 248314
+3 372603
+17 198
+2 44
cfn=(728) malloc_consolidate
calls=22 4715 
* 415612
+3 22
-1 66
+1 22
-1 22
3904 3
4118 10
+3 1
+1 3
-3 6
+6 2
+13 2
+1 4
-11 4
4299 3135
+3 2090
+2 1045
+3 2090
-3 1045
+3 2090
cfn=(730) unlink_chunk.constprop.0
calls=1045 1626 
* 23156
+3 4180
+15 1516
-5 758
+5 1516
+1 1516
+3 758
+1 758
+1 758
+3 1516
+1 758
+1 1516
+2 22
+3 88
+2 33
+1 11
2005 11
4347 11
2005 22
4341 5976
+2 2241
+1 747
2005 747
4347 747
2005 1781
4347 287
2005 574
4272 97
+2 388
+1 194
+38 287
-1 287
+1 574
3193 723
+1 482
+2 964
+1 241
+1 241
4174 241
4380 124091
-2 248182
+2 124091
-1 124091
+6 124091
-5 124091
-3 124091
+3 124091
+2 124091
-2 496364
2005 124091
4382 124091
2005 248182
4407 176
cfn=(558)
calls=44 2548 
* 7205
* 44
+1 88
2005 132

fn=(642) free
3352 1451834
+4 2903668
-4 1451834
+14 1451834
-14 2903668
+12 1451834
+4 1451834
-4 1451834
+4 2903668
+17 4355502
fi=(159)
162 4355502
fe=(158)
3391 2903668
cfn=(646)
calls=1451834 4421 
* 120588502
+3 1451834
+1 5807336

fn=(730)
1626 5838
+2 29190
+3 11676
+1 5838
-1 17514
+3 23352
+3 5838
+1 5838
+1 11736
+2 20
+1 60
+3 20
+14 10
+1 20
+3 11676

fn=(728)
4715 22
+17 22
-17 88
+28 22
-28 66
+15 22
+2 22
+13 44
+1 44
-1 396
+1 396
+62 660
+1 176
-31 11672
+4 6814
+2 3407
+1 6814
+1 6814
+2 6814
-4 2429
+1 4858
+1 4858
+2 4858
+1 40
+4 20
+2 20
-2 40
+3 20
+9 40
-12 5816
+2 5816
-2 11632
+3 5816
+9 17451
-56 11672
+4 17508
+1 23344
+8 5836
-3 11672
+3 5836
-3 5836
+4 5836
-4 5836
+5 5836
-5 5836
+5 11672
+2 11672
+1 2364
+2 2364
-1 2364
+2 9456
+2 14184
cfn=(730)
calls=2364 1626 
* 52020
* 9456
+3 11672
+4 2429
+1 7287
+16 2429
-16 2429
cfn=(730)
calls=2429 1626 
* 53450
* 7287

fl=(103) ./string/../sysdeps/x86_64/multiarch/strncmp.c
fn=(342) strncmp
66 1
-25 4
+1 3
+2 2
+5 3
+3 3
+14 1

fl=(113) ./string/../sysdeps/x86_64/multiarch/memrchr.c
fn=(364) memrchr
29 1
fi=(83)
+4 5
-1 2
+2 3
+2 2
+4 3
+3 4
fe=(113)
-14 1

fl=(125) ./string/../sysdeps/x86_64/multiarch/mempcpy.c
fn=(400) mempcpy
33 1
fi=(92)
+20 3
-1 2
+4 3
+14 2
+2 2
+8 2
+8 2
+2 5
fe=(125)

fl=(153) ./csu/../sysdeps/nptl/libc_start_call_main.h
fn=(532) (below main)
29 4
+15 1
-15 5
+15 1
cfi=(154) ./setjmp/../sysdeps/x86_64/bsd-_setjmp.S
cfn=(534) _setjmp
calls=1 -16 
* 34
* 1
+2 2
+5 2
+1 2
+3 2
+3 6
cob=(5) /mnt/c/_Matteo/Poli/PROVA FINALE (PROGETTO DI ALGORITMI E STRUTTURE DATI)/_Progetto/main
cfi=(157) /mnt/c/_Matteo/Poli/PROVA FINALE (PROGETTO DI ALGORITMI E STRUTTURE DATI)/_Progetto/main.c
cfn=(540) main
calls=1 1005 
* 735481807
* 1
+16 1
cfi=(188)
cfn=(738)
calls=1 +68 
* 1642

fl=(161)
fn=(562)
25 45
+1 90
-1 45
+4 45
cfi=(162)
cfn=(564)
calls=45 +8 
* 1529
+1 90
+4 90

fl=(137) ./ctype/./ctype/ctype-info.c
fn=(442) __ctype_init
29 1
+2 7
+2 4
+2 4
+1 1

fl=(166)
fn=(800) _IO_flush_all_lockp
686 12
+5 6
cfi=(184)
cfn=(710)
calls=1 24 
* 10
+1 9
+3 1
-8 1
+5 2
+3 2
fi=(174)
940 4
fe=(166)
706 1
fi=(174)
942 2
+1 2
fe=(166)
706 3
cfi=(167)
cfn=(660)
calls=1 +25 
* 133
+1 3
+2 6
+2 3
-16 9
+2 3
+1 6
+3 20
+14 9
+1 2
cfi=(184)
cfn=(714)
calls=1 39 
* 8
+4 12

fn=(808)
452 4
fi=(174)
940 2
fe=(166)
452 4
fi=(174)
940 2
fe=(166)
452 2
fi=(174)
940 2
fe=(166)
452 8
+1 2
fi=(174)
942 4
+1 4
fe=(166)
453 4
cfi=(167)
cfn=(810)
calls=2 792 
* 36
* 4
+4 2
330 2
462 2
-7 4
332 4
+5 2
-5 2
+5 2
467 2
332 2
466 8
+2 12
-11 2
+1 4
-1 2
330 8

fn=(582)
343 2
+1 4
-1 6
+3 8
+1 2
fi=(174)
940 6
+2 4
+1 4
fe=(166)
347 4
cfi=(168)
cfn=(584)
calls=2 78 
* 560
* 4
+3 8

fn=(594)
329 18
+1 8
+5 4
-3 2
+3 8
+3 8

fn=(596)
164 1275
+1 765
+3 765
+4 510
+1 510
+7 255
-4 255
+4 255
-2 510
+3 255
+1 1020

fn=(798)
863 2
+3 1
-3 9
-77 1
+80 1
cfn=(800)
calls=1 686 
* 269
-80 2
+80 1
-80 3
cfi=(184)
cfn=(710)
calls=1 24 
* 10
+1 9
+3 1
-3 2
+3 2
fi=(174)
940 4
fe=(166)
838 3
-48 9
+9 9
+2 6
+6 26
+8 10
+9 2
fi=(174)
942 4
+1 4
fe=(166)
824 8
cfi=(167)
cfn=(806)
calls=2 381 
* 166
+2 6
+4 10
+1 16
+11 9
+1 2
cfi=(184)
cfn=(714)
calls=1 39 
* 8
+35 12
-59 2
-2 2
+3 2
-3 2
+2 6

fn=(664)
371 43
+3 86
-3 344
fi=(174)
940 43
fe=(166)
371 43
fi=(174)
940 43
fe=(166)
371 43
fi=(174)
940 43
fe=(166)
371 86
+18 86
+8 43
+2 86
-20 172
+2 129
+3 86
+20 43
-29 43
+29 301
-11 366
+1 216
-1 108
+1 64
-1 96
+1 204
-1 338

fn=(736)
199 27
+2 27
+2 9
fi=(174)
940 27
+2 18
+1 18
fe=(166)
203 9
+1 18
-1 9
cfi=(167)
cfn=(660)
calls=9 731 
* 1368

fn=(578) _IO_default_uflow
361 510
fi=(174)
940 510
fe=(166)
361 255
fi=(174)
940 255
fe=(166)
361 510
+1 255
fi=(174)
942 510
+1 510
fe=(166)
362 510
cfi=(167)
cfn=(580)
calls=255 +99 
* 25561
+1 510
+2 1016
+1 1020

fn=(576)
299 1275
+1 765
+5 765
+3 255
173 255
308 510
+2 510
+6 510
+7 255
fi=(174)
940 765
+2 510
+1 510
fe=(166)
323 255
+1 255
-1 255
+1 510
-1 255
cfn=(578)
calls=255 +38 
* 31932
-23 510
+21 765

fl=(192) ./nptl/./nptl/pthread_mutex_unlock.c
fn=(748) pthread_mutex_unlock@@GLIBC_2.2.5
367 1
51 3
+1 2
367 1
57 2
+8 1
-3 1
-23 1
+1 2
+30 1
369 2
40 3
+1 2
+33 2
+6 4
+4 3
+3 3

fl=(114) ./string/../sysdeps/x86_64/multiarch/strchrnul.c
fn=(368) strchrnul
31 1
fi=(83)
+2 5
-1 2
+2 3
+2 2
+4 3
+3 4
fe=(114)
-12 1

fl=(85) ./string/../sysdeps/x86_64/multiarch/strcmp.c
fn=(298) strcmp
65 1
-24 2
+1 1
-1 2
+1 2
+2 2
+5 3
+3 3
+13 1

fl=(107) ./string/../sysdeps/x86_64/multiarch/strcat.c
fn=(350) strcat
29 1
fi=(100)
+7 2
+1 1
-1 2
+1 2
+2 2
+4 3
+3 3
fe=(107)
-17 1

fl=(183) ./string/../sysdeps/x86_64/multiarch/strchr-avx2.S
fn=(708) __strchrnul_avx2
51 276
+2 276
+1 276
+1 276
+1 276
+1 276
+3 276
+1 276
+4 276
+1 276
+1 276
+1 276
+1 276
+1 276
+1 276
+1 276
+6 276
+1 552

fl=(80) ./string/../sysdeps/x86/cacheinfo.c
fn=(288) __x86_cacheinfo
86 1
fi=(81) ./string/../sysdeps/x86/cacheinfo.h
-25 1
+3 3
+2 1
+1 1
-1 2
+7 3
+2 1
+1 1
-1 2
+5 2
+2 2
+1 2
+1 2
+2 2
fe=(80)
* 2

fl=(108) ./string/../sysdeps/x86_64/multiarch/strncase_l.c
fn=(354) strncasecmp_l
31 1
fi=(197)
+1 5
fe=(108)
-1 1

fl=(147) ./misc/./misc/init-misc.c
fn=(498) __init_misc
30 1
+1 2
-1 4
+1 3
+2 3
cob=(2)
cfi=(51)
cfn=(500) 0x00000000048745f0
calls=1 -33 
* 36
+4 5
+1 3
+2 4

fl=(170) ./io/../sysdeps/unix/sysv/linux/fstatat64.c
fn=(590) fstatat
153 4
-55 4
+70 6
+1 2

fl=(154)
fn=(534)
28 1
+2 1
+2 1
cfi=(155)
cfn=(536)
calls=1 -2 
* 31

fl=(169)
fn=(588)
29 4
+1 4
+5 6
cfi=(170)
cfn=(590)
calls=2 153 
* 16

fl=(146) ./csu/./csu/init-first.c
fn=(496) _init_first
46 4
+5 2
+4 5
+8 1
-2 1
+10 1
-9 1
+1 1
+9 2
-1 1
cfi=(147)
cfn=(498)
calls=1 -41 
* 61

fl=(159)
fn=(548)
313 1
fi=(158)
3162 3
fe=(159)
313 5
+5 1
fi=(158)
3162 2
cfi=(160)
cfn=(550)
calls=1 28 
* 9
* 2
fe=(159)
343 2
+4 3
fi=(158)
1966 4
+3 1
-3 1
+3 2
-3 2
+3 126
-3 126
+3 252
-3 252
fe=(159)
352 3
fi=(158)
1977 1
+1 1
+2 1
fe=(159)
352 1
cob=(2)
cfi=(51)
cfn=(450) 0x0000000004874650
calls=1 0 
* 23
+1 4
cob=(2)
cfi=(51)
cfn=(450)
calls=1 0 
* 22
+1 4
cob=(2)
cfi=(51)
cfn=(450)
calls=1 0 
* 23
+1 4
cob=(2)
cfi=(51)
cfn=(450)
calls=1 0 
* 23
+1 4
cob=(2)
cfi=(51)
cfn=(450)
calls=1 0 
* 22
+1 4
cob=(2)
cfi=(51)
cfn=(450)
calls=1 0 
* 23
+1 4
cob=(2)
cfi=(51)
cfn=(450)
calls=1 0 
* 23
+2 4
cob=(2)
cfi=(51)
cfn=(450)
calls=1 0 
* 23
+1 4
cob=(2)
cfi=(51)
cfn=(450)
calls=1 0 
* 23
+1 4
cob=(2)
cfi=(51)
cfn=(450)
calls=1 0 
* 23
+3 4
cob=(2)
cfi=(51)
cfn=(450)
calls=1 0 
* 23
+1 4
cob=(2)
cfi=(51)
cfn=(450)
calls=1 0 
* 23
+1 2
+63 7

fl=(136) ./elf/./elf/libc_early_init.c
fn=(440) __libc_early_init
33 7
+2 1
cfi=(137)
cfn=(442)
calls=1 -6 
* 17
+3 1
fi=(139) ./elf/../sysdeps/nptl/pthread_early_init.h
-5 2
fe=(136)
+8 1
-3 1
fi=(139)
-5 1
cfi=(138)
cfn=(444)
calls=1 +5 
* 10
* 3
+1 6
+11 1
fi=(199) ./elf/../nptl/nptl-stack.h
+13 3
fi=(139)
-13 1
fi=(199)
+13 2
fi=(139)
-4 1
fi=(199)
+4 2
fi=(139)
-6 1
fi=(199)
+6 1
fi=(139)
-12 1
+6 6
+1 1
+4 1
cfi=(140) ./nptl/./nptl/pthread_mutex_conf.c
cfn=(448) __pthread_tunables_init
calls=1 -7 
* 884
fe=(136)
-10 3
+2 2
-2 1
cfi=(143) ./nptl/../sysdeps/unix/sysv/linux/x86/elision-conf.c
cfn=(462) __lll_elision_init
calls=1 +49 
* 147

fl=(193) ./stdlib/./stdlib/cxa_finalize.c
fn=(758) __cxa_finalize
30 4
+3 4
-3 14
+3 8
+3 6
+4 12
-4 6
+58 8
+4 12
-4 6
+11 4
+1 4
cfi=(194)
cfn=(760)
calls=2 -30 
* 32
+1 8
+1 16

fl=(173) ./string/../sysdeps/x86_64/multiarch/memmove-vec-unaligned-erms.S
fn=(670) __mempcpy_avx_unaligned_erms
294 23567
+1 23567
+1 23567
+1 23567
+17 23567
+1 23567
+42 23567
+1 23567
+2 23567
+1 23567
+2 286
+4 286
+1 147
+1 147
+1 147
+1 147
+1 25
+1 25
+2 25
+2 25
-2 122
+2 122
+6 139
+1 139
+1 139
+1 139
+1 139
+29 23281
+1 23281
+1 23281
+1 23281
+1 23281

fn=(608) __memcpy_avx_unaligned_erms
307 23609
+1 23609
+6 23609
+1 23609
+2 1049
+1 1049
+1 1049
+3 15
+1 15
+1 15
+3 30
+30 22560
+1 22560
+2 191
+1 191
+2 95
+4 95
+1 30
+1 30
+1 30
+1 30
+1 22
+1 22
+2 22
+2 22
-2 8
+2 8
+6 65
+1 65
+1 65
+1 65
+1 65
+7 22369
+1 22369
+1 22369
+1 22369
+2 22369
+17 96
+1 96
+1 96
+1 96
+1 96
+7 29
+1 29
+1 29
+1 29
+1 29
+1 29
+1 58
+5 1034
+1 1034
+5 1034
+1 1034
+2 449
+1 449
+1 449
+2 420
+1 420
+1 420
+1 420
+1 420
+1 420
+1 420
+1 420
+1 420
+1 420
+1 420
+1 420
+1 420
+1 420
+1 840
+4 585
+1 585
+4 585
+2 585
+4 585
+1 585
+11 585
+3 585
+2 585
+2 585
+4 585
+1 585
+9 539
+1 539
+2 539
+2 539
+1 539
+1 539
+3 539
+2 539
+2 539
+2 1078
+6 539
+1 539
+1 539
+1 539
+1 539
+1 539
+1 539
+1 539
+1 539
+1 539
+1 539
+1 539
-11 1953
+1 1953
+1 1953
+1 1953
+1 1953
+1 1953
+1 1953
+1 1953
+1 1953
+1 1953
+1 1953
+1 1953
+2 539
+1 539
+1 539
+1 539
+2 539
+4 1078
+13 46
+1 46
+2 46
+1 46
+1 46
+2 46
+2 46
+2 92
+6 46
+1 46
+1 46
+1 46
+1 46
+1 46
+1 46
+1 46
+1 46
+1 46
+1 46
+1 46
-11 200
+1 200
+1 200
+1 200
+1 200
+1 200
+1 200
+1 200
+1 200
+1 200
+1 200
+1 200
+2 46
+1 46
+1 46
+1 46
+2 46
+1 92

fl=(182)
fn=(704)
1180 1656
+30 690
+8 414
+4 690
+11 276
+11 138
fi=(200) ./stdio-common/./stdio-common/printf-parse.h
111 276
fe=(182)
1244 690
fi=(200)
111 138
cob=(2)
cfi=(51)
cfn=(706) 0x00000000048744d0
calls=138 0 
* 2898
fe=(182)
1259 138
fi=(200)
111 138
fe=(182)
1259 414
239 138
fi=(201) ./stdio-common/../libio/libioP.h
940 138
fe=(182)
1263 138
fi=(201)
942 138
-2 138
fe=(182)
1263 138
fi=(201)
940 276
+2 276
+1 276
fe=(182)
239 552
cfi=(167)
cfn=(658)
calls=138 1197 
* 2760
* 276
127 1242
1263 276
+4 414
+4 1104
1532 138
1214 138
+34 138
-8 138
1532 414
+23 138
-39 138
+39 138
-39 138
+39 276
1313 2070
+39 138
-51 138
-1 138
-1 138
-1 138
+5 138
1501 138
fi=(200)
88 138
fe=(182)
1352 138
-46 138
-4 138
+50 138
1501 138
1295 138
-1 138
-1 138
-1 138
-1 138
+16 276
1608 276
+1 276
+3 1656
-4 1242
1218 276
+41 552
cfi=(184)
cfn=(710)
calls=138 24 
* 1380
+1 1794
-1 276
1609 276
cfi=(184)
cfn=(714)
calls=138 39 
* 1104
+2 138
-95 1794
cfi=(185)
cfn=(712)
calls=138 163 
* 9804
* 4278
192 276
+47 138
fi=(201)
942 414
+1 276
fe=(182)
239 552
cfi=(167)
cfn=(658)
calls=138 1197 
* 9018
* 276
127 1794
1517 276
-54 138
+53 276
+73 138
fi=(200)
111 138
fe=(182)
1583 138
fi=(200)
111 276
cob=(2)
cfi=(51)
cfn=(706)
calls=138 0 
* 2898
fe=(182)
239 138
fi=(201)
942 138
fe=(182)
1593 138
fi=(200)
111 138
fi=(201)
942 138
fe=(182)
1593 138
fi=(201)
942 138
+1 276
fe=(182)
239 552
cfi=(167)
cfn=(658)
calls=138 1197 
* 8096
* 276
127 1794
1593 276
+2 414
-79 2760
192 276
1392 276
1516 2760

fl=(104) ./string/../sysdeps/x86_64/multiarch/strcasecmp.c
fn=(344) strcasecmp
31 1
fi=(197)
+1 5
fe=(104)
-1 1

fl=(148) ./string/../sysdeps/x86_64/multiarch/strrchr-avx2.S
fn=(502) __strrchr_avx2
46 1
+1 1
+1 1
+2 1
+1 1
+3 1
+1 1
+1 1
+33 1
+1 1
+1 1
+1 1
+1 1
+1 1
+1 1
+1 1
+1 1
+1 1
+3 1
+1 1
+9 1
+1 1
+98 1
+1 1
+8 1
+1 1
+1 1
+1 1
+1 1
+2 1
+1 1
+1 1
+1 2

fl=(151) ./csu/../csu/libc-start.c
fn=(510) __libc_start_main@@GLIBC_2.34
242 12
343 3
+1 3
cfi=(152)
cfn=(512)
calls=1 69 
* 71
+25 6
+6 2
-3 2
+10 2
cob=(2)
cfi=(51)
cfn=(526) 0x00000000048746d0
calls=1 0 
* 836
+2 2
+8 4
cfi=(153)
cfn=(532)
calls=1 29 
* 735483511
128 2
+6 3
+1 6
cob=(2)
cfi=(51)
cfn=(516) 0x0000000000109000
calls=1 0 
* 7
* 1
+3 1
+1 2
+3 2
+1 2
-1 1
+2 7
+1 4
cob=(5)
cfi=(150) ???
cfn=(520) 0x0000000000001750
calls=1 0 
* 12
-1 4

fl=(177) ./stdlib/../stdlib/strtol.c
fn=(620) strtol
105 141069
+1 564276
cfi=(178)
cfn=(622)
calls=141069 225 
* 22615907

fl=(143)
fn=(462)
96 2
+5 1
-5 1
+5 1
-5 3
+5 3
cob=(2)
cfi=(51)
cfn=(450)
calls=1 0 
* 22
+2 4
cob=(2)
cfi=(51)
cfn=(450)
calls=1 0 
* 22
+2 4
cob=(2)
cfi=(51)
cfn=(450)
calls=1 0 
* 22
+2 4
cob=(2)
cfi=(51)
cfn=(450)
calls=1 0 
* 22
+2 4
cob=(2)
cfi=(51)
cfn=(450)
calls=1 0 
* 22
+4 3
+1 1
+1 6

fl=(140)
fn=(448)
50 2
+1 2
-1 4
+1 3
cob=(2)
cfi=(51)
cfn=(450)
calls=1 -51 
* 840
+2 4
cob=(2)
cfi=(51)
cfn=(450)
calls=1 -53 
* 23
+2 6

fl=(86) ./wcsmbs/../sysdeps/x86_64/multiarch/wcsnlen.c
fn=(300) wcsnlen
29 1
fi=(87)
+5 4
-1 2
+2 3
+2 2
+4 3
+3 3
fe=(86)
-15 1

fl=(98) ./wcsmbs/../sysdeps/x86_64/multiarch/wcscmp.c
fn=(330) wcscmp
30 1
fi=(94)
+3 5
-1 2
+2 3
+2 2
+4 3
+3 4
fe=(98)
-13 1

fl=(171)
fn=(600)
25 255
+1 1530
+1 255

ob=(1)
fl=(38) ./elf/./elf/dl-hwcaps.c
fn=(108) _dl_important_hwcaps
175 5
+1 1
-1 6
+1 1
-1 1
+1 1
-1 1
+1 1
-1 1
+1 2
cfi=(10) ./elf/./elf/dl-tunables.c
cfn=(24) __tunable_get_val
calls=1 402 
* 21
* 1
+2 2
+1 3
+26 2
-26 1
+25 1
cfi=(39) ./elf/../sysdeps/x86_64/dl-hwcaps-subdirs.c
cfn=(110) _dl_hwcaps_subdirs_active
calls=1 29 
* 47
fi=(40) ./elf/./dl-hwcaps.h
54 1
fe=(38)
205 1
-1 1
fi=(40)
56 1
+32 1
+1 1
+1 1
fe=(38)
-35 2
cfi=(41) ./elf/./elf/dl-hwcaps_split.c
cfn=(116) _dl_hwcaps_split_masked
calls=1 -4 
* 13
* 2
fi=(40)
-1 1
+2 2
-2 1
+34 2
+1 2
+1 1
fe=(38)
-32 2
-1 2
+1 2
+1 2
-1 2
-3 4
cfi=(41)
cfn=(116)
calls=2 -4 
* 114
* 2
cfi=(41)
cfn=(116)
calls=1 -4 
* 122
* 6
+48 5
fi=(28) ./elf/../include/rtld-malloc.h
-47 1
cfi=(27) ./elf/./elf/dl-minimal-malloc.c
cfn=(76) __minimal_malloc
calls=1 -21 
* 25
fe=(38)
+47 1
+2 2
+3 2
fi=(40)
-52 1
fe=(38)
+55 1
-3 1
fi=(40)
-54 2
+3 1
fe=(38)
+58 2
cfi=(41)
cfn=(122) _dl_hwcaps_split
calls=1 -90 
* 12
* 2
fi=(40)
-61 1
+2 2
-2 1
+34 2
+1 2
+1 1
fe=(38)
+40 4
+1 2
-1 6
+2 2
+1 2
-2 6
-3 4
cfi=(41)
cfn=(116)
calls=2 -77 
* 114
* 2
cfi=(41)
cfn=(116)
calls=1 -77 
* 122
* 6
+8 2
+9 1
-15 1
+15 2
-15 1
+15 8
+9 2
+4 7
cfi=(43) ./string/../sysdeps/x86_64/memcmp.S
cfn=(124) bcmp
calls=1 22 
* 41
+1 2
+1 1
+4 1
+1 2
+1 1
-20 2
+19 1
+1 1
-20 2
-1 4
+70 1
+1 1
+4 1
-5 2
+1 4
+4 2
-4 1
+4 4
+1 1
-1 1
+1 2
+1 2
-2 5
+1 1
-1 1
+1 2
+1 2
-2 5
+5 1
+3 2
-3 2
+3 15
+7 1
-7 2
+2 3
+1 4
+2 1
fi=(202) ./elf/../sysdeps/x86/dl-hwcap.h
57 1
fe=(38)
233 2
fi=(202)
57 1
fe=(38)
233 2
fi=(202)
57 1
fe=(38)
233 1
+1 1
cfi=(22) ./string/../sysdeps/x86_64/multiarch/strlen-vec.S
cfn=(60) strlen
calls=1 41 
* 17
+1 1
+1 1
-6 1
+4 1
+1 1
-5 1
+5 1
+1 1
-1 2
-5 4
+10 3
-2 3
+2 1
+1 1
+1 1
-1 1
+4 4
+1 1
-1 1
+4 2
+4 1
-1 1
+1 4
-1 2
+4 3
+1 3
+19 10
+6 2
fi=(28)
56 1
cfi=(27)
cfn=(76)
calls=1 -21 
* 25
* 1
fe=(38)
283 2
+8 1
fi=(40)
54 1
+2 1
+34 1
-2 2
fe=(38)
-5 1
291 1
fi=(40)
54 1
+35 1
fe=(38)
291 1
fi=(40)
90 1
fe=(38)
-10 2
cfi=(41)
cfn=(116)
calls=1 -29 
* 13
* 2
fi=(40)
-26 2
+2 1
fe=(38)
+27 1
fi=(40)
-29 1
+34 2
+1 2
+1 1
fe=(38)
-8 2
+1 4
+7 2
-7 10
cfi=(29) ./string/../sysdeps/x86_64/multiarch/memmove-vec-unaligned-erms.S
cfn=(128) mempcpy
calls=2 199 
* 26
+4 2
+2 2
+2 2
-2 4
-9 4
cfi=(41)
cfn=(116)
calls=2 -29 
* 114
* 2
cfi=(41)
cfn=(116)
calls=1 -29 
* 122
* 6
304 1
+2 1
-2 1
-48 2
+72 1
-72 1
376 2
+13 2
-58 1
+45 1
+13 1
-58 1
-75 1
+82 1
+10 2
-92 1
+88 1
+4 3
-4 1
+3 7
-3 2
-3 1
+3 1
cfi=(29)
cfn=(128)
calls=1 199 
* 18
* 2
-3 1
+3 1
cfi=(29)
cfn=(128)
calls=1 199 
* 18
* 2
+3 2
-3 4
+3 5
+1 12
+1 2
-2 1
+2 1
cfi=(29)
cfn=(128)
calls=1 199 
* 15
* 2
-2 2
+5 8
cfi=(29)
cfn=(128)
calls=2 199 
* 30
* 4
+2 5
+5 6
+1 1
-1 3
+1 7
-1 25
+5 11
+4 1
-1 1
+1 2
-4 12
+4 2
-1 2
+1 13
-1 9
+1 18
+1 24
-1 12
-1 12
+2 24
-1 24
-1 24
+4 9
+3 1
+2 2
-1 1
-1 1
+2 1
-2 1
+2 2
-1 1
+1 2
+2 6
+1 2
+3 2
-6 2
+6 3
+7 8
+1 1
-1 2
+3 2
-3 3
+1 3
-1 6
+3 6
+3 4
-80 2
+86 9
-20 1
+1 2
-6 3
259 2
+1 2
+1 4
-1 3
+12 4
-44 2
+34 4
-2 3

fl=(78) ./elf/./elf/dl-lookup.c
fn=(280) do_lookup_x
363 808
+1 101
-1 505
+48 101
-30 202
-11 101
+41 101
-30 303
+30 101
fi=(79) ./elf/../sysdeps/generic/dl-protected.h
44 303
fe=(78)
381 101
fi=(79)
44 404
fe=(78)
395 951
+4 317
+4 317
-3 317
+3 1268
+1 951
+3 317
+1 634
+7 317
-3 634
-2 317
+5 1268
+3 2219
570 672
374 636
+3 636
+4 642
+4 634
+4 634
+88 188
fi=(4) ./elf/../sysdeps/generic/ldsodefs.h
137 188
+1 282
fe=(78)
528 188
fi=(79)
29 188
fe=(78)
535 724
+16 188
+1 94
+1 188
422 400
-1 200
+2 200
+2 1200
+13 393
-10 1125
+3 97
-1 194
+1 97
-1 97
+2 194
-1 1164
cfn=(282) check_match
calls=97 70 
* 9406
+4 291
+3 6
573 7
+1 808
-35 21
-70 12
171 42
452 752

fn=(278) _dl_lookup_symbol_x
840 1010
+10 101
-10 202
+10 101
-10 101
+10 101
204 101
840 101
204 505
581 404
-1 202
+2 101
-1 101
+1 303
-1 303
+1 1283
-1 1283
+1 3849
-1 3849
+2 101
846 101
-4 101
+1 101
+7 101
-8 101
+1 101
+7 377
+3 101
+2 202
-2 101
+6 202
-7 606
+7 35
+1 1414
cfn=(280)
calls=101 363 
* 35746
* 303
+28 101
-23 101
+23 101
-23 202
+24 548
+7 94
-7 94
+40 376
+79 188
-65 282
+3 282
-62 101
+69 909
-86 42
+18 21
+59 2

fn=(282)
70 97
+3 97
-3 1164
+3 384
+13 95
-13 95
+13 95
-13 95
+13 285
+3 322
cfi=(32) ./string/../sysdeps/x86_64/strcmp.S
cfn=(90) strcmp
calls=33 +19 
* 1650
* 66
+4 95
+1 190
+2 186
+19 186
+1 744
+2 2
-40 94
+84 564
-18 4
+2 4
+1 2
-1 4
+1 6
-1 4
+9 1
+7 18
-45 276
cfi=(32)
cfn=(90)
calls=92 -9 
* 2385
* 184
-44 8
+82 4

fl=(25) ./elf/./elf/dl-environ.c
fn=(68) _dl_next_ld_env_entry
28 3
+1 3
+3 41
+13 31
-13 62
+2 66
+1 18
+5 2
-3 2
+3 2
+2 2
+7 1

fl=(144) ./elf/./elf/dl-init.c
fn=(474) _dl_init
77 12
+1 1
+1 1
+3 3
+8 2
+25 1
+1 5
+1 2
-86 4
+86 6
-86 12
+2 20
cfn=(476) call_init.part.0
calls=3 -7 
* 199
+83 12
+7 8
-92 4
+2 6
cfn=(476)
calls=1 -7 
* 61
+52 2

fn=(476)
26 32
+13 4
-13 4
+16 4
-3 8
+3 8
+5 6
+8 9
+1 6
cob=(2)
cfi=(51)
cfn=(478) 0x000000000483f000
calls=1 -56 
* 26
+3 3
+1 6
+6 2
+2 2
-2 1
+3 7
+1 4
cob=(3)
cfi=(149)
cfn=(504)
calls=1 +13 
* 12
* 4
cob=(3)
cfi=(146)
cfn=(496)
calls=1 -24 
* 80
-1 6
+3 24
-29 2

fl=(54) ./elf/./elf/dl-misc.c
fn=(174) _dl_name_match_p
68 84
+1 28
cfi=(32)
cfn=(90)
calls=14 +39 
* 500
* 28
+3 14
+2 28
+6 15
-6 30
+1 54
cfi=(32)
cfn=(90)
calls=18 +33 
* 733
* 36
+8 3
-13 3
+13 20
-1 11
+1 33

fn=(224) _dl_sysdep_read_whole_file
36 2
+3 1
-3 6
+3 1
-3 1
+3 1
cfi=(55) ./io/../sysdeps/unix/sysv/linux/open64_nocancel.c
cfn=(178) __open_nocancel
calls=1 -11 
* 19
+1 2
+23 7
-21 4
cfi=(58) ./io/../sysdeps/unix/sysv/linux/fstat64.c
cfn=(190) fstat
calls=1 -13 
* 15
* 2
+2 2
+3 2
+13 2
cfi=(64) ./io/../sysdeps/unix/sysv/linux/close_nocancel.c
cfn=(204) __GI___close_nocancel
calls=1 -35 
* 6
* 1
-11 6
cfi=(60) ./misc/../sysdeps/unix/sysv/linux/mmap64.c
cfn=(194) mmap
calls=1 -2 
* 9
* 2

fl=(129) ./elf/./elf/dl-find_object.c
fn=(416) _dl_find_object_init
561 4
+3 1
+2 2
+13 1
cfn=(420) _dlfo_process_initial
calls=1 474 
* 79
+1 1
-1 1
+1 1
fi=(28)
56 1
cfi=(27)
cfn=(76)
calls=1 -21 
* 25
fe=(129)
580 1
fi=(28)
56 1
fe=(129)
582 2
+3 2
+5 1
+1 1
cfn=(420)
calls=1 474 
* 280
+3 3
+10 4
-37 2
cfi=(130) ./elf/./dl-find_object.h
cfn=(418) _dl_find_object_from_map
calls=1 95 
* 68
* 1
+29 2
cfn=(422) _dlfo_sort_mappings
calls=1 -60 
* 80
+3 6
+2 1

fn=(420)
474 2
+3 2
-3 2
+1 2
+3 4
+26 14
+1 6
+1 8
-1 16
+3 28
+3 24
-7 10
+25 2
+2 8
-18 18
+3 6
-1 6
cfi=(130)
cfn=(418)
calls=3 95 
* 189
+2 12

fn=(422)
536 1
+1 2
+3 4
+4 1
+1 1
-1 1
+1 2
-1 1
+1 1
-1 1
+1 6
+1 19
-1 9
+8 6
+1 4
-1 2
-13 4
+14 6
+1 4
-15 4
+17 1

fl=(1) ???
fn=(0) 0x00000000000202b0
0 2
cfi=(2) ./elf/./elf/rtld.c
cfn=(2) _dl_start
calls=1 527 
0 135911
0 14
cfi=(144)
cfn=(474)
calls=1 77 
0 361
0 3
cob=(5)
cfi=(150)
cfn=(508) (below main)
calls=1 0 
0 735484520

fl=(49) ./elf/./elf/dl-audit.c
fn=(530) _dl_audit_preinit
117 1
+1 4

fn=(466) _dl_audit_activity_nsid
40 6
+4 3
-4 3
+4 3
-4 3
+4 3
-4 6
+4 3
+1 3
+1 12
+4 18

fn=(206) _dl_audit_objopen
76 2
+1 8

fn=(154) _dl_audit_activity_map
28 6
+2 1
-1 1
+1 2
+6 6

fn=(774) _dl_audit_objclose
96 4
+1 16

fl=(71) ./io/../sysdeps/unix/sysv/linux/pread64_nocancel.c
fn=(232) __pread64_nocancel
25 8
+1 16
+1 4

fl=(130)
fn=(418)
95 8
+1 8
+1 4
+6 20
+1 119
+1 82
+2 12
+5 4

fl=(45) ./string/./string/strdup.c
fn=(140) strdup
40 15
+1 3
cfi=(22)
cfn=(60)
calls=3 * 
* 87
* 3
fi=(203) ./string/../include/rtld-malloc.h
+15 6
cfi=(27)
cfn=(76)
calls=3 -21 
* 75
fe=(45)
-12 6
+4 3
-1 9
+1 6
-1 3
cfi=(29)
cfn=(80) memcpy
calls=3 212 
* 41

fl=(67) ./io/../sysdeps/unix/sysv/linux/stat64.c
fn=(220) stat
28 20
+1 40
cfi=(59) ./io/../sysdeps/unix/sysv/linux/fstatat64.c
cfn=(192) fstatat
calls=10 153 
* 98

fl=(128) ./misc/../sysdeps/unix/syscall-template.S
fn=(410) mprotect
117 20
+5 4

fn=(470) munmap
117 5
+5 1

fl=(13) ./elf/../sysdeps/unix/sysv/linux/dl-sysdep.c
fn=(100) _dl_discover_osversion
46 5
+2 3
+40 2
cfi=(36) ./posix/../sysdeps/unix/syscall-template.S
cfn=(102) uname
calls=1 +32 
* 6
+15 1
-15 2
+20 1
-1 1
+3 12
+4 3
-2 6
+2 11
+3 2
-1 2
+1 6
-3 8
+7 3
-1 3
+4 3
-2 3
+2 12
+9 5

fl=(60)
fn=(194)
47 24
+3 24
+8 48
+2 12

fl=(133) ./elf/../sysdeps/nptl/dl-mutex.c
fn=(432) __rtld_mutex_init
30 2
+10 3
-10 1
+10 2
-10 1
+7 1
+3 2
cfi=(134) ./elf/./elf/dl-lookup-direct.c
cfn=(434) _dl_lookup_direct
calls=1 +34 
* 175
+4 2
+1 8
+2 3
-2 1
+2 3
cfi=(134)
cfn=(434)
calls=1 +27 
* 198
+4 2
+1 6
+1 2
-1 1
+1 2

fl=(10)
fn=(54) __GI___tunable_set_val
157 15
-55 5
+55 5
-55 5
+55 5
-55 35
+9 5
+1 5
fi=(204) ./elf/./dl-tunable-types.h
-22 10
fe=(10)
+22 20
+1 40
fi=(11) ./elf/./elf/dl-tunables.h
+8 10
+1 5
fe=(10)
-6 15
fi=(11)
+15 5
fe=(10)
-12 10
+4 10
+7 10
+1 10
+3 30
+1 5
+1 5
+1 5
+24 5
fi=(11)
-30 15
fe=(10)

fn=(18) __GI___tunables_init
279 9
-9 9
71 170
+6 33
-3 66
+3 2270
+4 66
+5 66
fi=(11)
+54 33
fe=(10)
-54 132
fi=(11)
+55 86
-1 70
+1 20
-1 33
+1 66
fe=(10)
320 132
-18 4620
+6 7260
fi=(11)
140 297
+1 594
-1 19
+1 76
-1 95
fe=(10)
354 8
74 66

fn=(24)
402 33
+3 231
+9 33
-9 126
+9 10
+17 165
+2 33
-9 23
+1 23

fl=(43)
fn=(124)
22 1
+5 1
+1 1
+1 1
+1 1
+1 1
+1 1
+1 1
+1 1
+3 1
+1 1
+1 1
+1 1
+1 1
+1 1
+1 1
+1 1
+1 1
+2 1
+1 1
+17 1
+1 1
+17 1
+1 1
+1 1
+1 1
+1 1
+4 1
+47 1
+1 1
+1 1
+1 1
+1 1
+1 1
+1 1
+1 1
+1 1
+1 1
+1 1
+1 1
+1 1

fl=(53) ./setjmp/../sysdeps/x86_64/setjmp.S
fn=(168) __sigsetjmp
30 3
+2 3
+9 3
+1 6
+1 3
+4 3
+1 3
+1 3
+1 3
+1 3
+2 6
+2 3
+1 3
+1 3
+2 6
+2 3
+8 3
+3 3
+1 3
+7 3
+1 3

fl=(2)
fn=(250) version_check_doit
696 3
+2 4
cfi=(74) ./elf/./elf/dl-version.c
cfn=(252) _dl_check_all_versions
calls=1 361 
* 3901
* 2
+4 2

fn=(256) init_tls
756 3
+2 1
+4 1
-4 1
+4 2
+11 1
fi=(28)
44 1
fe=(2)
768 1
+4 1
fi=(28)
44 1
cfi=(27)
cfn=(72) __minimal_calloc
calls=1 +34 
* 36
fe=(2)
783 1
-12 1
+6 1
-9 1
+11 1
+4 1
+2 3
-1 2
+3 8
+4 1
+2 1
-2 2
-5 1
-1 2
+10 3
+3 2
cfi=(47) ./elf/../elf/dl-tls.c
cfn=(258) _dl_tls_static_surplus_init
calls=1 97 
* 79
+3 1
cfi=(47)
cfn=(260) _dl_determine_tlsoffset
calls=1 221 
* 76
+7 1
cfi=(47)
cfn=(262) _dl_allocate_tls_storage
calls=1 422 
* 442
* 1
+1 2
+6 1
+3 2
-3 1
+3 6
+3 1
cfi=(24) ./elf/../sysdeps/nptl/dl-tls_init_tp.c
cfn=(264) __tls_init_tp
calls=1 68 
* 75
+1 1
+3 5
-39 3
-1 7

fn=(156) handle_preload_list
894 10
+5 1
-5 2
+5 2
+6 1
-64 1
+54 3
+7 3
cfi=(50) ./string/../sysdeps/x86_64/strcspn.S
cfn=(158) strcspn
calls=1 25 
* 233
* 1
+1 3
+9 1
191 1
914 2
191 2
916 2
-80 1
+5 5
-10 1
+8 1
-4 1
+1 1
+1 1
+4 1
cob=(2)
cfi=(51)
cfn=(160) 0x0000000004002080
calls=1 0 
* 2784
+1 3
+8 3
+67 1
-18 2
+21 9
-15 4
cfi=(29)
cfn=(80)
calls=1 212 
* 19
+1 2

fn=(170) map_doit
663 2
+2 1
-2 1
+2 1
+1 2
-1 2
+1 3
cfi=(31) ./elf/./elf/dl-load.c
cfn=(172) _dl_map_object
calls=1 2022 
* 2683
* 1
+2 2

fn=(2)
527 10
85 1
fi=(6) ./elf/../sysdeps/x86_64/dl-machine.h
-40 1
fe=(2)
557 1
-4 1
85 2
556 1
85 1
fi=(3) ./elf/./get-dynamic-info.h
-40 1
fe=(2)
556 1
fi=(3)
45 2
+9 1
+5 1
+3 1
+2 1
+4 1
-7 1
-3 1
-3 14
+13 4
-23 16
+23 14
-23 56
+4 36
+5 20
+2 5
+3 4
fi=(4)
+21 1
fi=(3)
-8 3
+10 4
+1 4
+1 4
+1 4
+2 4
+5 4
+1 4
+1 4
+3 3
+5 2
+7 3
+1 3
+8 2
+1 2
+5 3
+3 3
fe=(2)
573 1
fi=(6)
71 1
fe=(2)
573 42
fi=(6)
414 1
fi=(5) ./elf/./elf/do-rel.h
86 1
fe=(2)
573 2
fi=(5)
49 1
+37 1
-37 1
+37 1
+2 1
-2 1
+2 1
-2 1
+27 2
-27 1
fe=(2)
573 2
fi=(5)
49 1
+37 1
-37 1
+37 1
+2 1
-2 1
+2 1
-2 1
+27 3
+1 2
fi=(6)
534 2
fi=(5)
114 282
fi=(6)
534 282
+1 142
fi=(5)
113 142
fi=(6)
535 284
fi=(5)
113 284
+5 4
+8 7
fi=(6)
326 12
fi=(5)
126 21
+2 7
+2 7
-2 7
fi=(6)
287 7
fi=(5)
130 7
-2 7
+1 14
fi=(6)
287 14
+9 70
+3 14
+27 33
fe=(2)
573 6
fi=(5)
50 1
fi=(4)
+30 2
fi=(6)
326 2
+20 12
+1 6
fe=(2)
575 1
+13 1
cfi=(7) ./elf/./elf/dl-minimal.c
cfn=(12) __rtld_malloc_init_stubs
calls=1 42 
* 10
+4 2
85 1
488 2
85 3
488 1
cfi=(8) ./elf/./elf/dl-setup_hash.c
cfn=(14) _dl_setup_hash
calls=1 25 
* 29
+2 2
-1 1
+1 2
+17 1
-15 1
-2 1
+17 1
-15 1
+9 1
-11 1
+17 1
cfi=(9) ./elf/../elf/dl-sysdep.c
cfn=(16) _dl_sysdep_start
calls=1 85 
* 133818
* 1
+2 2
+98 9
fi=(3)
62 4
+2 4
fe=(2)
573 3

fn=(64) dl_main
1320 2
205 1
311 1
1320 2
2818 1
1320 3
2829 1
1320 2
2698 1
1320 2
311 1
1320 3
207 1
310 1
205 1
+99 3
1332 1
cfi=(24)
cfn=(66) __tls_pre_init_tp
calls=1 53 
* 17
2677 3
+6 5
-4 1
+4 1
+2 3
cfi=(25)
cfn=(68)
calls=1 28 
* 35
* 4
cfi=(25)
cfn=(68)
calls=2 28 
* 198
* 9
+4 6
-2 2
+2 6
+1 2
-1 6
+1 17
-1 89
+9 12
2845 4
+32 2
1348 1
+1 2
-1 2
+1 2
2774 3
+1 3
-56 2
+7 2
1627 9
cfi=(26) ./elf/./elf/dl-object.c
cfn=(70) _dl_new_object
calls=1 59 
* 230
* 1
+2 2
+1 1
+6 2
-6 1
+1 2
+1 3
+4 1
cfi=(26)
cfn=(82) _dl_add_to_namespace_list
calls=1 31 
* 36
+1 2
1140 1
1326 1
1169 1
-29 1
+11 1
+18 2
-21 1
+21 1
-19 1
-4 1
+23 1
-21 1
+21 2
+57 1
-83 1
+23 1
+4 1
+19 1
+22 1
+15 5
-56 116
1275 4
+2 1
1169 18
fi=(30) ./elf/../sysdeps/x86/dl-prop.h
105 2
fe=(2)
1282 22
+6 4
cfi=(31)
cfn=(88) _dl_process_pt_gnu_property
calls=1 868 
* 20
-7 26
+1 13
+6 13
-6 26
fi=(30)
212 4
+1 2
95 8
+10 2
212 1
105 1
-2 1
-3 1
+2 1
+3 1
-4 2
+92 4
-1 1
-87 3
+3 3
+1 2
+1 2
+4 3
+4 3
+3 3
+1 2
+4 1
+1 4
+58 3
+2 4
-56 4
+1 2
+3 4
+3 2
+1 8
+5 4
+2 4
+5 4
+14 2
-1 4
+2 2
fe=(2)
1174 1
-5 1
+5 2
-5 2
+30 1
-9 1
+27 1
-27 1
+2 1
-3 1
+10 2
-20 2
-10 1
+10 1
+1 9
-11 2
+57 4
-1 4
+1 8
-1 4
+2 8
+1 1
+2 12
+1 14
+4 8
+1 8
+1 4
+1 10
+1 1
+4 1
-74 1
+74 2
-74 2
+74 3
-74 3
+74 6
-74 6
fi=(30)
165 2
fe=(2)
1271 1
1169 1
1271 1
1169 2
1294 1
+3 2
+2 1
-5 2
+3 2
+2 2
+2 2
1662 3
+2 1
-1 1
+1 2
+1 2
-2 1
+2 1
-2 2
cfi=(32)
cfn=(90)
calls=1 108 
* 34
* 2
+7 1
+3 1
-5 1
+3 1
+2 1
+1 2
+4 2
+2 2
fi=(3)
39 3
+6 1
-2 1
+2 2
+9 1
+5 1
+3 1
+2 1
-3 1
-3 1
-3 17
+13 5
-23 20
+23 21
-23 84
+4 52
+5 24
+2 5
+16 3
+25 3
+5 2
+7 2
+1 3
+22 3
+5 2
+2 2
+2 2
+2 2
+1 1
+3 3
+2 3
+1 2
+9 2
+6 2
+1 2
+3 2
fe=(2)
1688 3
+7 2
cfi=(8)
cfn=(14)
calls=1 25 
* 29
+3 2
fi=(33) ./elf/./setup-vdso.h
24 2
fi=(35) ./elf/../sysdeps/unix/sysv/linux/dl-vdso-setup.h
+21 1
fe=(2)
1723 1
cfi=(13)
cfn=(100)
calls=1 46 
* 100
* 8
fi=(37) ./elf/./dl-main.h
109 5
cfi=(31)
cfn=(106) _dl_init_paths
calls=1 706 
* 2926
fe=(2)
1731 3
cfi=(46) ./elf/./elf/dl-debug.c
cfn=(146) _dl_debug_initialize
calls=1 56 
* 30
+7 1
-7 1
+2 1
+5 1
+4 1
+3 1
-3 3
+1 2
+3 1
+5 1
-7 1
+7 1
+1 3
+12 2
+1 2
+5 1
-3 2
+2 1
+1 2
+5 3
+1 5
-1 2
233 1
-1 1
+1 3
+1 2
-2 1
+2 2
1793 2
+5 1
-1 1
+1 1
+24 1
cfi=(47)
cfn=(148) _dl_count_modids
calls=1 197 
* 6
* 1
fi=(48) ./elf/../sysdeps/generic/dl-debug.h
29 3
+1 2
fe=(2)
1828 2
+1 1
cfi=(46)
cfn=(152) _dl_debug_state
calls=1 116 
* 2
+1 1
+4 3
cfi=(49)
cfn=(154)
calls=1 28 
* 16
+5 3
+2 1
+2 2
+9 2
+16 4
cfi=(65) ./io/../sysdeps/unix/sysv/linux/access.c
cfn=(208) access
calls=1 25 
* 9
* 2
+76 4
+16 3
85 1
1970 1
85 2
1970 2
85 1
1970 5
cfi=(66) ./elf/./elf/dl-deps.c
cfn=(210) _dl_map_object_deps
calls=1 159 
* 7862
92 1
1976 1
92 2
+9 2
1976 2
+1 5
-1 4
+1 6
-1 12
+4 4
+1 3
+1 1
+2 2
+1 4
-1 9
+1 9
+12 3
+1 2
+2 1
+2 3
+2 1
-4 1
+5 1
-1 2
+14 2
+1 2
+1 3
+11 2
+2 1
-2 1
+2 2
-2 1
+1 2
+1 1
-1 2
+1 1
cfi=(52) ./elf/./elf/dl-error-skeleton.c
cfn=(248) _dl_receive_error
calls=1 238 
* 3929
+10 2
+1 2
+3 2
862 1
fi=(205) ./elf/../sysdeps/unix/sysv/linux/dl-osinfo.h
64 2
fe=(2)
864 1
+6 1
+3 1
+7 1
-5 1
2052 3
2282 3
1778 2
+6 1
-6 2
+6 1
+2 3
fi=(30)
198 4
+2 1
+1 1
+2 1
-3 3
+3 1
fi=(3)
59 4
+3 4
+2 4
fi=(34) ./elf/../sysdeps/unix/sysv/linux/dl-vdso.h
-24 1
+1 2
fe=(2)
2331 1
1325 1
2342 1
-4 2
+10 1
-6 1
+6 1
+3 2
+8 1
fi=(30)
36 1
fe=(2)
2359 1
fi=(30)
37 3
+3 1
+13 6
-13 3
+9 6
-9 1
+9 20
+4 15
-16 12
+34 3
cfi=(76) ./elf/../sysdeps/x86/dl-cet.c
cfn=(268) _dl_cet_check
calls=1 252 
* 30
fe=(2)
2361 2
+54 3
+3 1
85 4
2422 1
+1 19
+2 8
+5 8
+2 8
+6 4
+2 12
+1 24
cfi=(77) ./elf/./elf/dl-reloc.c
cfn=(270) _dl_relocate_object
calls=3 194 
* 78971
+4 10
+1 2
-23 1
+23 1
cfi=(47)
cfn=(412) _dl_add_to_slotinfo
calls=1 1015 
* 28
-23 6
92 3
+1 1
2454 1
93 1
2454 1
+5 4
+2 1
+7 3
cfi=(47)
cfn=(414) _dl_allocate_tls_init
calls=1 528 
* 146
+3 2
fi=(3)
72 2
+10 3
+1 4
+1 4
+1 4
+2 4
+5 4
+1 4
+1 5
fi=(35)
-64 3
+3 1
+3 1
+3 1
fi=(34)
+16 2
fe=(2)
2434 1
+1 1
-3 2
+49 3
+2 4
+10 1
cfi=(129)
cfn=(416)
calls=1 561 
* 571
+5 2
cfi=(7)
cfn=(424) __rtld_malloc_init_real
calls=1 76 
* 2372
+3 1
cfi=(133)
cfn=(432)
calls=1 30 
* 415
85 1
2507 1
+1 3
85 3
2508 2
cfi=(77)
cfn=(270)
calls=1 194 
* 4806
92 3
+9 2
2516 3
cfi=(135) ./elf/./elf/dl-call-libc-early-init.c
cfn=(438) _dl_call_libc_early_init
calls=1 27 
* 1309
+7 1
cfi=(9)
cfn=(464) _dl_sysdep_start_cleanup
calls=1 262 
* 2
+4 3
cfi=(49)
cfn=(466)
calls=1 40 
* 21
+5 2
cfi=(46)
cfn=(186) _dl_debug_update
calls=1 38 
* 7
+1 1
-1 1
+2 1
cfi=(46)
cfn=(152)
calls=1 116 
* 2
+1 1
+4 1
cfi=(68) ./elf/./elf/dl-cache.c
cfn=(468) _dl_unload_cache
calls=1 537 
* 18
+5 8
1741 4
1995 2
+50 2
cfn=(256)
calls=1 756 
* 784
* 2
2726 4
+2 2
+1 1
+46 2
+2 1
+1 1
-1 1
+1 1
+1 1
85 1
1847 1
85 2
1847 1
85 1
1847 2
cfn=(156)
calls=1 894 
* 3107
* 1
92 3
+9 3
1948 16
+1 1
-1 1
+4 3
+1 1
+1 2
+1 2
-7 2
fi=(30)
170 3
-39 2
fe=(2)

fl=(68)
fn=(230) _dl_cache_libcmp
370 4
+1 4
+32 4
-33 8
+1 12
+2 27
+2 27
-2 54
+20 50
+2 50
-12 23
+2 23
+14 23
+1 23
-29 46
+32 6
-28 4
+8 2
-2 4
+1 4
-1 2
+2 6
+2 2
-3 2
+3 6
+2 4
+9 6

fn=(222) _dl_load_cache_lookup
416 10
+2 2
+3 3
+74 1
208 1
495 2
+3 3
fi=(70) ./elf/../sysdeps/x86/dl-procinfo.h
39 2
+3 3
cfi=(32)
cfn=(90)
calls=1 +66 
* 25
* 4
fe=(68)
212 6
cfi=(10)
cfn=(24)
calls=1 402 
* 21
* 1
+16 2
-16 1
+6 2
+10 1
-7 5
+9 3
+1 1
-37 2
+37 1
+4 2
-5 3
+1 1
-37 2
+37 1
+4 2
+4 6
cfn=(230)
calls=2 370 
* 206
+1 4
359 1
+1 1
228 5
+2 5
+20 4
+3 4
+2 8
cfn=(230)
calls=2 370 
* 220
* 4
+2 1
-9 4
-30 2
+1 1
+95 1
-95 1
-1 8
+96 3
-47 2
+10 2
+1 3
fi=(69) ./elf/../sysdeps/generic/dl-cache.h
125 5
fe=(68)
294 2
+9 2
+3 2
+2 3
+1 2
+5 2
+1 4
+7 2
+21 4
513 2
+12 2
cfi=(22)
cfn=(60)
calls=1 41 
* 35
* 12
+1 1
-1 1
+1 1
-1 1
+1 1
cfi=(29)
cfn=(80)
calls=1 212 
* 11
* 1
+1 1
cfi=(45)
cfn=(140)
calls=1 40 
* 89
+1 8
-3 2
424 4
cfi=(54)
cfn=(224)
calls=1 36 
* 91
* 1
+8 5
+1 8
+3 4
+1 1
-1 3
fi=(69)
194 1
+1 5
fe=(68)
444 1
+1 2

fn=(468)
537 1
+1 4
-1 1
+3 2
cfi=(128)
cfn=(470)
calls=1 117 
* 6
+1 1
+4 1
+2 2

fl=(29)
fn=(80)
212 17
+1 17
+6 17
+1 17
+2 10
+1 10
+1 10
+2 7
+1 7
+1 7
+2 7
360 7
+1 7
+2 1
+4 1
+1 1
+1 1
+1 1
+1 1
+4 1
+2 1
+39 6
+1 6
+1 6
+1 6
+1 6
+7 3
+1 3
+1 3
+1 3
+1 3
+1 3
+1 3
+11 3
+1 3
+2 3
+1 3
+1 3

fn=(128)
199 32
+1 32
+1 32
+1 32
+17 32
+1 32
+2 6
+1 6
+1 6
+2 5
+1 5
+1 5
+2 5
360 26
+1 26
+2 8
+4 8
+1 3
+1 3
+1 2
+1 2
+1 2
+1 2
+2 2
+2 3
+6 5
+1 5
+1 5
+1 5
+1 5
+29 18
+1 18
+1 18
+1 18
+1 18
+7 1
+1 1
+1 1
+1 1
+1 1
+1 1
+1 1
+11 1
+1 1
+2 1
+1 1
+1 1

fl=(190)
fn=(744)
31 9
+20 3
-3 7
+3 4
+3 2
cob=(3)
cfi=(191)
cfn=(746)
calls=1 +23 
* 43
+2 1
+3 2
+2 6
+7 2
-2 1
+2 1
cfi=(49)
cfn=(466)
calls=1 -28 
* 21
+5 14
+5 1
-5 1
+5 3
+2 8
+2 8
+2 8
+1 4
+1 4
+4 4
-12 12
+14 6
+1 4
+6 5
cfi=(12) ./elf/./elf/dl-sort-maps.c
cfn=(244) _dl_sort_maps
calls=1 288 
* 300
+9 2
cob=(3)
cfi=(192)
cfn=(748)
calls=1 367 
* 34
+5 6
+2 1
+2 3
-2 3
+2 9
+3 8
+3 12
+4 2
+11 4
+1 1
+1 2
+1 5
+1 2
cob=(5)
cfi=(150)
cfn=(750) 0x0000000000001710
calls=1 0 
* 92
-1 5
+5 3
+1 6
cob=(2)
cfi=(51)
cfn=(776) 0x000000000483f334
calls=1 0 
* 110
cob=(2)
cfi=(51)
cfn=(772) 0x000000000010b55c
calls=1 0 
* 4
+6 8
cfi=(49)
cfn=(774)
calls=4 -57 
* 20
+5 4
-45 12
+49 3
cfi=(49)
cfn=(466)
calls=1 40 
* 21
* 2
-38 9
+3 2
+41 6
+6 2
+7 8
73 2

fl=(64)
fn=(204)
25 3
+1 12
+1 3

fl=(134)
fn=(434)
74 30
+2 3
-2 3
+4 3
-4 3
+2 3
+2 9
+37 3
-37 9
+1 6
+2 12
+3 25
-52 3
+54 6
-54 3
+54 3
-54 9
+1 9
+2 6
+1 6
+12 12
+3 3
+2 3
-2 3
+2 9
cfi=(32)
cfn=(90)
calls=3 +55 
* 207
* 6
+4 6
+1 3
-1 3
+1 18
+1 9
cfi=(32)
cfn=(90)
calls=3 +49 
* 75
* 6
+57 27
-23 6

fl=(16) ./elf/../sysdeps/x86/cpu-features.c
fn=(40) update_active.constprop.0
43 7
+45 1
-41 1
+28 1
-18 1
+31 1
+4 1
-36 1
-1 1
+37 1
-26 1
-11 1
+1 1
+36 2
+1 1
-17 1
-21 1
+25 1
-4 1
-11 1
+28 1
-1 1
-36 1
+18 1
+19 1
-13 1
-4 1
-11 1
+19 1
+11 1
-3 1
-12 1
+14 1
-29 1
+18 1
+9 1
-18 1
+13 1
-13 1
-9 1
+29 2
+3 1
-14 1
-9 1
+9 1
+4 1
+10 1
-17 1
+7 1
+5 1
+5 1
+1 1
-1 1
+1 2
+2 2
+1 4
+3 1
+1 1
-1 1
+1 1
-1 1
+1 1
-1 1
+1 1
+4 2
+4 2
+2 4
+83 3
+12 2
+1 1
+3 3
+4 1
-4 1
+4 1
+67 3
+4 3
fi=(18) ./elf/../sysdeps/x86/get-isa-level.h
31 1
-3 1
+3 1
-1 2
fe=(16)
296 1
+1 8
-75 3
+1 2
+3 1
-1 1
+9 1
-5 1
+2 1
-2 1
+5 1
fi=(18)
32 3
+4 3
fe=(16)
+83 2
+2 1
+3 2
+10 1
+10 1
-10 1
+10 1
-10 1
+6 1
+4 1
-4 1
-6 1
+6 1
+2 1
-2 1
+2 3
+7 4
fi=(18)
39 3
+1 4
+5 1
-7 1
+7 3
+2 1
+1 2
+1 3
+2 4
+1 2
+1 2
+6 1
-4 1
+4 1
-3 2
fe=(16)
+75 1
-5 2
+4 1

fn=(34) init_cpu_features.constprop.0
399 1
+16 1
-16 6
+3 1
+1 1
+1 1
+11 2
+3 6
593 1
+94 5
+1 1
+3 2
+1 1
+6 1
+3 1
fi=(19) ./elf/../sysdeps/x86/dl-cacheinfo.h
+5 1
+2 1
fe=(16)
-9 1
fi=(19)
+23 2
840 1
+34 1
-34 17
+33 2
+25 2
+21 2
-21 2
+13 3
+8 1
-8 1
+8 1
cfi=(10)
cfn=(24)
calls=1 402 
* 21
* 1
+2 2
+3 4
cfi=(10)
cfn=(24)
calls=1 402 
* 21
* 1
+5 2
-3 2
+3 2
cfi=(10)
cfn=(24)
calls=1 402 
* 21
* 1
+2 2
+3 4
cfi=(10)
cfn=(24)
calls=1 402 
* 21
* 1
+1 2
+22 1
-16 4
+3 3
-3 1
cfi=(10)
cfn=(24)
calls=1 402 
* 21
+3 3
-3 2
+3 10
cfi=(10)
cfn=(54)
calls=1 157 
* 58
+1 8
cfi=(10)
cfn=(54)
calls=1 157 
* 58
+1 9
cfi=(10)
cfn=(54)
calls=1 157 
* 58
+2 8
cfi=(10)
cfn=(54)
calls=1 157 
* 58
+2 9
cfi=(10)
cfn=(54)
calls=1 157 
* 58
+4 2
fe=(16)
706 1
fi=(19)
954 2
fe=(16)
706 2
fi=(19)
954 4
fe=(16)
706 1
cfi=(10)
cfn=(24)
calls=1 402 
* 19
+4 3
+14 1
-1 2
+1 3
+47 1
-1 1
+1 1
+46 4
cfi=(10)
cfn=(24)
calls=1 402 
* 19
+2 4
cfi=(10)
cfn=(24)
calls=1 402 
* 19
fi=(21) ./elf/../sysdeps/unix/sysv/linux/x86/cpu-features.c
27 6
fe=(16)
829 2
+45 8
fi=(19)
+7 11
fe=(16)
775 3
+27 2
-10 2
+1 2
+2 3
+1 2
+2 3
+1 2
fi=(19)
-75 3
cfn=(46) handle_intel.constprop.0
calls=1 255 
* 437
+1 1
-1 2
+1 1
cfn=(46)
calls=1 255 
* 478
+1 1
-1 1
+1 1
cfn=(46)
calls=1 255 
* 503
+3 1
-3 2
+3 1
cfn=(46)
calls=1 255 
* 459
+2 1
-2 1
+2 1
cfn=(46)
calls=1 255 
* 451
+3 1
-2 1
-1 1
+3 1
cfn=(46)
calls=1 255 
* 428
+2 1
-2 1
+2 1
cfn=(46)
calls=1 255 
* 429
+3 1
-2 1
-1 1
+3 1
cfn=(46)
calls=1 255 
* 469
+2 1
-2 1
+2 1
cfn=(46)
calls=1 255 
* 470
+3 1
-3 1
+3 1
cfn=(46)
calls=1 255 
* 494
+2 1
-2 1
+2 1
cfn=(46)
calls=1 255 
* 495
+2 1
-2 1
+2 1
cfn=(46)
calls=1 255 
* 790
+2 3
-2 1
+2 1
cfn=(52) get_common_cache_info.constprop.0
calls=1 481 
* 215
863 11
fe=(16)
424 6
cfn=(36) get_common_indices.constprop.0
calls=1 -99 
* 71
303 3
+1 2
+1 6
+5 2
+1 6
+5 2
+1 6
429 1
cfn=(40)
calls=1 43 
* 194
+2 1
+2 1
+83 1
-85 2
564 2
+7 2
+2 1
+4 2
+6 2
422 2
-3 1
+14 3
+1 4
+69 1
+10 11
+42 1
+1 1
434 11
+55 3

fn=(36)
325 1
+4 4
+3 3
+5 2
-5 1
+5 1
-5 1
+4 1
+1 1
+1 4
+1 4
+1 3
+1 2
+7 2
+2 5
+5 1
-5 1
+5 1
-5 1
+5 1
-5 2
+5 1
+7 1
-7 4
+7 1
+1 3
+6 1
-6 4
+6 1
fi=(17) ./elf/../sysdeps/unix/sysv/linux/x86/dl-minsigstacksize.h
24 2
+3 2
+1 2
+37 3
+7 1
+2 1
fe=(16)
384 2

fl=(39)
fn=(110)
29 1
fi=(18)
+2 1
fe=(39)
+7 1
fi=(18)
-7 2
-1 2
fe=(39)
+22 1
fi=(18)
-20 3
+4 1
fe=(39)
+2 1
fi=(18)
-2 2
+3 4
+1 4
+5 1
fe=(39)
-7 1
fi=(18)
+7 3
fe=(39)
-2 1
fi=(18)
+5 2
+1 3
+2 4
+1 2
+1 2
+6 1
fe=(39)
-11 1
fi=(18)
+11 1
-3 2
fe=(39)

fl=(59)
fn=(192)
153 26
-55 26
+70 30
+1 4
-2 18
+1 18

fl=(14) ./elf/../sysdeps/unix/sysv/linux/brk.c
fn=(28) brk
35 1
+1 3
+1 2
+6 1
+1 1

fl=(50)
fn=(158)
25 1
+2 1
+7 1
+1 1
+2 1
+1 1
+1 1
+1 1
+1 33
+3 3
+7 1
+1 1
+1 1
+1 1
+2 1
+1 1
+1 1
+1 1
+2 1
+1 1
+1 1
+9 3
+12 1
+2 1
+1 1
+1 1
-4 12
+2 12
+1 12
+1 12
+2 13
+1 13
+1 13
+2 13
+1 13
+1 13
+2 13
+1 13
+1 13
+2 1
+1 1
+1 1
+2 1
+7 1
+4 1

fl=(7)
fn=(12)
42 1
+1 2
+1 2
+1 2
+1 2
+1 1

fn=(424)
76 2
+10 1
fi=(131) ./elf/../sysdeps/generic/dl-hash.h
-41 1
fe=(7)
+31 1
fi=(131)
-32 1
fe=(7)
+32 5
+11 1
-1 1
fi=(131)
-43 1
+5 3
+14 4
-17 3
+3 15
+14 20
-17 15
fe=(7)
+46 2
fi=(131)
-24 1
fe=(7)
+22 1
+2 2
fi=(131)
-19 1
fe=(7)
+19 1
cfn=(428) lookup_malloc_symbol
calls=1 -30 
* 575
+1 3
-1 1
+1 1
cfn=(428)
calls=1 -31 
* 575
+1 3
-1 1
+1 1
cfn=(428)
calls=1 -32 
* 561
+1 3
-1 1
+1 1
cfn=(428)
calls=1 -33 
* 553
+5 1
+1 1
+1 1
+1 1
+1 7

fn=(136) strsep
239 2
+3 4
+2 2
+1 4
+4 33
+7 84
-2 56
+13 1
+4 4
-22 14
+15 14
-15 30

fn=(428)
61 8
+3 4
-3 16
+3 4
-3 4
+3 8
-1 4
+1 12
cfi=(78)
cfn=(278)
calls=4 840 
* 2104
+4 28
+1 28
+2 4
fi=(132) ./elf/./dl-sym-post.h
-30 8
+12 12
fe=(7)
+19 20

fl=(22)
fn=(60)
41 16
+44 16
+1 16
+1 16
+1 16
+1 16
+1 16
+1 16
+2 16
+2 16
+31 16
+1 16
+1 16
+1 16
+1 16
+1 10
+2 10
+4 6
+1 6
+1 6
+1 6
+1 6
+1 6
+1 6
+1 6
+1 6
+1 6
+1 6
+1 6
+5 48

fl=(46)
fn=(152)
116 2
+1 2

fn=(146)
56 1
+3 2
+4 1
-6 1
+4 1
+2 2
+22 2
+5 2
+1 1
+1 1
-1 1
-1 1
+5 2
+4 2
+8 2
-43 2
+32 6

fn=(186)
38 3
+3 3
-1 6
+4 6
+4 3

fl=(66)
fn=(210)
159 5
+1 3
-1 1
+1 1
-1 2
+1 1
-1 3
+1 1
-1 4
+1 12
-8 1
-7 1
+15 1
-14 1
+6 1
+8 1
-15 1
+7 1
-8 1
+1 1
+7 1
-7 1
+31 3
-28 3
-2 1
+31 1
-33 2
+2 2
+30 2
-30 1
-1 4
+7 4
+24 2
-32 1
+60 1
-60 2
+36 1
fi=(73) ./elf/../include/scratch_buffer.h
77 3
fe=(66)
198 1
fi=(73)
78 1
fe=(66)
200 2
+98 1
198 1
+4 1
+7 1
+4 4
-4 3
+4 12
+11 12
-18 2
+18 4
433 12
+2 2
+3 2
-3 4
+3 2
fi=(28)
56 2
cfi=(27)
cfn=(76)
calls=2 -21 
* 50
* 2
fe=(66)
439 4
+6 2
+1 10
cfi=(29)
cfn=(80)
calls=2 212 
* 22
+1 10
cfi=(29)
cfn=(80)
calls=2 212 
* 22
+4 2
-1 2
+5 16
204 9
458 9
-1 4
+1 8
199 3
+27 10
+5 2
+6 2
-5 2
-1 2
+2 4
+4 8
-31 2
+31 2
+1 6
+6 8
cfi=(31)
cfn=(212) _dl_dst_count
calls=2 -6 
* 108
* 6
+4 4
-2 2
+2 4
cob=(2)
cfi=(51)
cfn=(164) 0x0000000004002050
calls=2 0 
* 6357
+1 4
+9 2
+2 4
+5 10
+6 2
+2 2
-8 4
+3 2
+1 2
+1 2
+1 2
+4 10
+4 6
+1 3
-43 200
+1 96
+44 144
-38 4
fi=(73)
85 3
fe=(66)
464 6
+1 1
+3 4
+11 3
fi=(28)
56 1
cfi=(27)
cfn=(76)
calls=1 -21 
* 25
* 1
fe=(66)
481 2
+5 3
+1 1
-1 2
+4 2
-2 1
+2 1
-2 2
+11 3
+5 3
-14 9
-2 3
+4 3
+7 3
-2 6
-5 1
+7 1
-2 2
+2 2
+5 1
-14 6
+17 2
+52 3
+37 3
+15 1
-11 1
+11 1
-14 2
+20 1
-1 3
+1 3
-1 5
cfi=(12)
cfn=(244)
calls=1 288 
* 260
+5 1
+3 1
-1 1
+2 2
+7 3
+3 3
+3 8
214 25
+3 2
fi=(73)
-86 6
cfi=(72) ./malloc/./malloc/scratch_buffer_set_array_size.c
cfn=(238) __libc_scratch_buffer_set_array_size
calls=2 30 
* 40
fe=(66)
+86 4
+4 6
611 2
cfi=(29)
cfn=(80)
calls=1 212 
* 11
* 1
-53 2
160 2
380 6

fn=(214) openaux
61 6
+7 2
-4 4
+1 2
-1 16
cfi=(31)
cfn=(172)
calls=2 2022 
* 6199
* 2
+5 4

fl=(77)
fn=(270)
194 8
+14 4
-14 36
+16 4
-16 8
+14 4
+2 8
+3 4
-1 4
+1 8
+19 8
+6 20
-34 6
+38 6
+7 12
fi=(6)
71 10
+6 4
+4 3
+14 1
-8 1
+8 2
+20 2
+4 5
-2 2
fe=(77)
288 160
-83 1
fi=(6)
474 4
fe=(77)
205 2
+83 2
fi=(5)
49 1
fe=(77)
288 1
fi=(5)
60 1
-11 2
+11 2
fe=(77)
288 3
-83 3
fi=(6)
474 12
fe=(77)
205 6
+83 6
fi=(5)
49 3
fe=(77)
288 3
fi=(5)
60 3
-11 6
+11 6
fe=(77)
288 8
fi=(5)
49 4
fe=(77)
288 4
fi=(5)
60 4
-11 8
+11 8
-7 1
-1 1
+11 8
fi=(6)
545 28
+4 28
+3 42
+1 14
fi=(5)
63 42
+2 216
+2 120
-4 120
+13 6
+1 8
+1 80
fi=(6)
545 40
+34 80
+2 40
cob=(3)
cfi=(127)
cfn=(406)
calls=1 31 
* 23
cob=(3)
cfi=(126)
cfn=(404)
calls=1 31 
* 7
cob=(3)
cfi=(125)
cfn=(400)
calls=1 33 
* 22
cob=(3)
cfi=(124)
cfn=(398)
calls=1 29 
* 7
cob=(3)
cfi=(122)
cfn=(394)
calls=1 29 
* 23
cob=(3)
cfi=(121)
cfn=(390)
calls=1 33 
* 17
cob=(3)
cfi=(119)
cfn=(386)
calls=1 29 
* 22
cob=(3)
cfi=(118)
cfn=(382)
calls=1 29 
* 17
cob=(3)
cfi=(117)
cfn=(378)
calls=1 29 
* 21
cob=(3)
cfi=(116)
cfn=(376)
calls=1 31 
* 7
cob=(3)
cfi=(115)
cfn=(372)
calls=1 29 
* 17
cob=(3)
cfi=(114)
cfn=(368)
calls=1 31 
* 21
cob=(3)
cfi=(113)
cfn=(364)
calls=1 29 
* 21
cob=(3)
cfi=(111)
cfn=(360)
calls=2 31 
* 38
cob=(3)
cfi=(109)
cfn=(356)
calls=1 29 
* 22
cob=(3)
cfi=(108)
cfn=(354)
calls=1 31 
* 7
cob=(3)
cfi=(107)
cfn=(350)
calls=1 29 
* 17
cob=(3)
cfi=(106)
cfn=(348)
calls=1 43 
* 7
cob=(3)
cfi=(105)
cfn=(346)
calls=1 29 
* 7
cob=(3)
cfi=(104)
cfn=(344)
calls=1 31 
* 7
cob=(3)
cfi=(103)
cfn=(342)
calls=1 66 
* 17
cob=(3)
cfi=(101)
cfn=(338)
calls=2 31 
* 46
cob=(3)
cfi=(99)
cfn=(334)
calls=1 31 
* 17
cob=(3)
cfi=(98)
cfn=(330)
calls=1 30 
* 21
cob=(3)
cfi=(97)
cfn=(326)
calls=2 29 
* 44
cob=(3)
cfi=(96)
cfn=(322)
calls=1 28 
* 21
cob=(3)
cfi=(95)
cfn=(320)
calls=1 61 
* 19
cob=(3)
cfi=(93)
cfn=(316)
calls=2 31 
* 42
cob=(3)
cfi=(91)
cfn=(312)
calls=1 29 
* 22
cob=(3)
cfi=(90)
cfn=(308)
calls=1 29 
* 19
cob=(3)
cfi=(88)
cfn=(304)
calls=1 29 
* 24
cob=(3)
cfi=(86)
cfn=(300)
calls=1 29 
* 19
cob=(3)
cfi=(85)
cfn=(298)
calls=1 65 
* 17
cob=(3)
cfi=(84)
cfn=(296)
calls=1 29 
* 7
cob=(3)
cfi=(82)
cfn=(292)
calls=2 31 
* 42
-36 40
+37 40
fi=(5)
77 121
fe=(77)
288 32
+3 24
+24 4
+3 8
+17 12
+2 32
-98 8
+3 2
+7 4
-9 2
fi=(5)
86 14
+2 14
+12 7
-14 28
+14 14
+10 10
+3 13
+1 3
fi=(6)
529 3
fi=(5)
114 3
fi=(6)
529 6
fi=(5)
114 1198
fi=(6)
529 1198
fi=(5)
114 1198
fi=(6)
529 2396
+5 2402
+1 1201
fi=(5)
113 1201
fi=(6)
535 1201
-5 1201
fi=(5)
113 2402
+7 28
+4 20
+2 10
-73 3
fi=(6)
484 3
fi=(5)
52 3
fi=(6)
484 6
fi=(5)
128 6
+1 3
+1 3
-2 3
+2 3
+3 3
-5 3
+2 3
-2 3
+1 6
+2 3
-2 3
+2 9
+2 6
-5 214
+1 107
+1 107
-2 107
+2 107
+3 107
-5 107
+2 107
-2 107
+1 214
+2 107
-2 107
+2 321
+2 214
+9 108
fi=(6)
262 216
+21 216
+4 216
+7 432
fi=(4)
138 276
fi=(6)
294 3535
cfi=(78)
cfn=(278)
calls=89 840 
* 50521
* 801
+2 276
+30 646
450 270
fi=(5)
145 304
-19 330
+32 15
+1 6
fi=(6)
294 2
+22 2
-22 4
fi=(5)
160 6
+3 2
+4 2
-4 2
+4 4
-2 2
-2 2
+2 2
+1 2
-1 4
fi=(6)
294 8
508 2
-1 4
+1 4
+1 2
cfi=(15) ./elf/../sysdeps/x86/dl-get-cpu-features.c
cfn=(436) __x86_cpu_features
calls=1 71 
* 6
cob=(3)
cfi=(80)
cfn=(288)
calls=1 86 
* 28
+1 2
fi=(5)
159 2
fi=(6)
510 2
fi=(5)
159 8
-14 3
+1 42
fi=(6)
490 3
+5 2
-1 3
+1 2
-1 1
cfi=(29)
cfn=(80)
calls=1 212 
* 11
+2 4
+1 1
-75 51
+4 68
+5 17
+9 17
-9 34
+9 17
fi=(5)
145 66
fi=(6)
296 153
+3 105
-3 105
+3 210
+2 5
+3 2
+1 3
+11 2
+7 1
cob=(3)
cfi=(91)
cfn=(312)
calls=1 29 
* 22
* 3
+3 2
fi=(5)
135 10
+3 2
fi=(6)
296 89
+3 89
-3 194
+3 4
fi=(5)
50 8
fe=(77)
308 14
fi=(6)
-14 29
fe=(77)
+49 20
+3 4
-3 4
+3 4
+4 8
+1 16
cfi=(128)
cfn=(410)
calls=4 117 
* 24
* 8
-63 6
fi=(5)
53 2
175 7
+2 2
+1 2
-1 1
+3 1
-3 4
+3 2
-3 10
+1 10
-1 5
+3 5
-3 20
+3 10
+8 6
fi=(6)
+74 12
+21 12
+4 12
+7 24
fi=(4)
138 18
fi=(6)
294 204
cfi=(78)
cfn=(278)
calls=6 840 
* 3251
* 54
+2 18
+30 36
450 12
fi=(5)
191 18
-16 18
+30 4
fi=(6)
+91 2
+3 2
-3 2
+3 4
-3 2
+3 2
-3 4
fe=(77)

fl=(23) ./elf/../misc/sbrk.c
fn=(62) sbrk
37 5
+3 1
+18 2
+4 2
+16 5

fl=(27)
fn=(76)
35 120
+1 24
+11 24
-11 48
+11 48
+3 24
-3 24
+3 136
+18 24
+1 24
+2 96
-16 8
+1 4
+2 2
+1 14
cfi=(60)
cfn=(194)
calls=2 -12 
* 18
* 2
+2 4
+2 4
+2 2
+4 2
-4 4
-23 1
-1 1
+1 1
+1 2
-2 2

fn=(72)
78 8
+4 8
-4 32
+7 8
+1 24
fi=(28)
-30 8
cfi=(27)
cfn=(76)
calls=8 -21 
* 235
fe=(27)

fn=(144) __minimal_free
95 3
+2 12

fl=(47)
fn=(262)
422 2
+13 1
-13 2
+2 1
+12 1
fi=(28)
56 1
cfi=(27)
cfn=(76)
calls=1 -21 
* 53
fe=(47)
437 3
+8 2
fi=(28)
44 1
fe=(47)
445 2
+1 1
+4 321
+19 1
-99 1
+4 1
+1 1
fi=(28)
44 1
cfi=(27)
cfn=(72)
calls=1 +34 
* 36
fe=(47)
376 2
+3 1
+6 2
+90 5

fn=(412)
1015 8
+6 1
+3 1
+1 1
+4 3
+34 2
+3 3
+1 3
+3 6

fn=(236) _dl_assign_tls_modid
131 2
+3 1
+13 1
-13 1
+52 1
+2 1
+3 1
+1 2

fn=(260)
221 8
+6 3
+3 2
+36 3
+2 1
-2 1
-2 1
-40 1
-1 1
-1 1
+46 2
+23 3
+3 1
-3 4
+2 2
-2 1
-25 1
+20 1
-20 5
+2 2
+3 1
-1 1
+5 2
-5 1
+1 1
-1 1
+3 2
+2 3
+32 3
-1 1
+1 4
+2 2
-2 2
+53 8

fn=(414)
528 10
+1 2
+4 1
+6 1
-6 1
+6 1
cfi=(24)
cfn=(84) rtld_mutex_dummy
calls=1 42 
* 3
+3 3
+12 1
-18 1
-1 1
+43 3
-19 13
+9 3
+1 2
+6 3
+1 1
+2 2
-2 1
+6 1
-4 2
+4 1
-4 2
+3 2
+4 2
+1 4
+2 2
+1 2
+17 1
-8 1
+8 1
+2 3
cfi=(29)
cfn=(128)
calls=1 199 
* 13
* 5
cfi=(44) ./string/../sysdeps/x86_64/multiarch/memset-vec-unaligned-erms.S
cfn=(132) memset
calls=1 125 
* 25
-49 1
+55 1
-55 4
+6 4
+55 2
cfi=(24)
cfn=(84)
calls=1 42 
* 3
+3 2
+3 9

fn=(258)
97 2
+4 1
-4 2
+4 1
-4 2
+4 3
cfi=(10)
cfn=(24)
calls=1 402 
* 21
* 1
+1 4
cfi=(10)
cfn=(24)
calls=1 402 
* 21
* 1
+8 1
-8 1
+6 2
+2 3
+3 1
+2 1
-32 3
+34 3
+1 5

fn=(148)
197 1
+2 2
+1 1
+15 2

fl=(142) ./elf/./elf/dl-runtime.c
fn=(458) _dl_fixup
46 16
+2 10
+1 2
+6 2
fi=(206) ./elf/../sysdeps/x86_64/dl-runtime.h
-27 2
fe=(142)
+21 2
+5 2
+1 2
-6 2
+6 4
+1 2
+2 2
-2 2
+2 2
-2 10
+7 4
+4 4
+4 6
+4 6
+1 8
-7 8
+16 2
-1 2
+1 4
+10 20
cfi=(78)
cfn=(278)
calls=2 840 
* 1363
* 2
+4 10
+10 20
+15 8
+9 6
+26 6
fi=(6)
+70 2
fe=(142)
-66 12

fl=(26)
fn=(70)
59 42
+3 6
+18 2
+3 2
-3 2
+3 2
cfi=(22)
cfn=(60)
calls=2 -42 
* 52
+4 4
-4 4
+9 4
fi=(28)
-48 6
cfi=(27)
cfn=(72)
calls=2 +34 
* 100
fe=(26)
+48 1
fi=(28)
-48 3
cfi=(27)
cfn=(72)
calls=1 +34 
* 43
* 3
fe=(26)
+51 6
+5 3
-2 3
+6 3
-4 3
+4 3
-5 3
+4 3
+1 3
-1 3
+1 6
cfi=(29)
cfn=(80)
calls=3 212 
* 44
* 6
+2 3
+13 6
+6 1
+2 7
+3 2
-3 14
+3 4
+9 3
-7 3
+4 3
+3 15
+2 1
-2 3
+2 15
-2 45
+16 6
-5 3
+5 3
-6 3
+6 3
-6 3
+6 6
+2 4
+3 4
-3 4
+7 8
+4 4
+8 2
+3 2
+10 3
-10 4
+10 6
+2 2
+21 2
-21 2
cfi=(22)
cfn=(60)
calls=2 41 
* 70
* 6
+17 2
-13 6
+50 6
cfi=(29)
cfn=(128)
calls=2 -46 
* 34
* 2
+5 4
+1 4
-1 80
+1 80
+2 4
+3 2
+3 2
+4 27
131 8
-12 4
+34 1
+7 4
+8 8
fi=(28)
56 4
cfi=(27)
cfn=(76)
calls=2 -21 
* 50
* 2
fe=(26)
200 8
64 2
+2 3
+1 2
+10 5
-6 2

fn=(82)
31 6
+2 3
-2 6
+2 3
-2 6
+2 3
cfi=(24)
cfn=(84)
calls=3 +9 
* 9
+2 23
+3 20
+2 2
+2 2
+4 2
+4 2
-4 4
+1 2
+4 2
-4 2
+1 2
+3 2
-3 2
+3 2
-1 2
cfi=(24)
cfn=(84)
calls=2 -8 
* 6
-4 1
+4 1
-4 2
+1 1
+4 1
-4 1
+1 1
+3 1
-3 1
+3 1
-1 1
cfi=(24)
cfn=(84)
calls=1 -8 
* 3
-5 2

fl=(44)
fn=(132)
125 7
+1 35
+6 7
+1 7
+1 7
+1 7
+2 1
+1 1
+1 1
+65 4
+1 4
+2 4
+76 6
+1 6
+5 6
+3 6
+1 6
+3 2
+1 2
+13 2
+1 2
+2 2
+3 1
+3 2
+3 1
+1 1
+1 1
+1 1
+1 1
+1 1
+1 1
-6 27
+1 27
+1 27
+1 27
+1 27
+1 27
+1 27
+3 2
+1 2
+1 2
+1 2
+5 2

fl=(9)
fn=(16)
85 4
+25 1
-25 6
+25 1
-1 1
+1 108
+11 1
-8 1
+1 1
-4 1
+3 1
+6 1
+2 13
-34 1
-1 1
+36 113
+3 1
+1 1
-5 85
+57 1
-57 1
+58 1
-1 1
-57 3
+29 1
-29 1
+30 1
-1 1
-29 3
+41 1
-41 1
+42 1
-1 1
-41 3
+35 1
-35 1
+36 1
-1 1
-35 3
+32 1
-32 1
+33 1
-1 1
-32 4
+13 1
-13 1
+14 1
-1 1
-13 3
+10 1
-10 1
+11 1
-1 1
-10 3
+7 1
-7 4
224 1
cfi=(10)
cfn=(18)
calls=1 +55 
* 16296
+3 1
cfi=(12)
cfn=(22) _dl_sort_maps_init
calls=1 +52 
* 32
fi=(13)
36 2
cfi=(14)
cfn=(28)
calls=1 -1 
* 8
fi=(6)
215 1
cfi=(15)
cfn=(32) _dl_x86_init_cpu_features
calls=1 37 
* 7211
fe=(9)
+23 3
+1 1
cfi=(22)
cfn=(60)
calls=1 41 
* 17
* 1
+2 2
cfi=(23)
cfn=(62)
calls=1 37 
* 15
* 3
+12 3
+3 5
cfi=(2)
cfn=(64)
calls=1 1320 
* 109810
+2 9

fn=(464)
262 1
+1 1

fl=(41)
fn=(116)
51 55
-25 42
+4 24
+4 48
+1 12
-1 24
+2 24
+5 27
cfi=(42) ./string/../sysdeps/x86_64/multiarch/../strchr.S
cfn=(118) index
calls=9 -18 
* 216
+1 18
+3 6
+11 12
+1 12
+1 6
-1 6
+1 6
-2 6
+1 6
+1 3
-1 3
+1 27
cfn=(120) _dl_hwcaps_contains
calls=6 +8 
* 30
* 12
-3 5
+7 44
-19 6
cfi=(22)
cfn=(60)
calls=3 -2 
* 51
* 3

fn=(122)
25 4
+1 3
+21 1
-20 1
+20 3

fn=(120)
66 6
+1 12
+1 6
+9 6

fl=(65)
fn=(208)
25 1
+2 7
+4 1

fl=(55)
fn=(178)
28 13
+3 13
-3 39
+3 78
+8 91
+2 3
-2 30
+2 10

fl=(135)
fn=(438)
27 1
+2 2
-2 1
+6 3
-6 1
+6 3
-6 1
+6 1
cfi=(134)
cfn=(434)
calls=1 +41 
* 177
+4 2
+2 4
+2 1
-1 1
+1 2
-1 1
cob=(3)
cfi=(136)
cfn=(440)
calls=1 -7 
* 1108

fl=(42)
fn=(118)
23 15
+1 15
+1 15
+1 15
+1 15
+1 15
+1 15
+1 15
+1 15
+1 15
+1 15
+1 15
+1 15
+1 15
+1 15
+1 15
+1 15
+1 15
+1 13
+4 13
+1 13
+1 13
+1 13
+2 13
+4 2
+1 2
+1 2
+1 2
+1 2
+1 2
+1 2
+1 2
+1 2
+1 2
+1 2
+1 2
+1 2
+1 2
+1 2
+1 2
+1 2
+1 2
+1 2
+1 2
+1 2
+1 2
+1 2
+1 2
+52 2
+4 2
+1 2
+1 2
+1 2
+2 2

fl=(141) ./elf/../sysdeps/x86_64/dl-trampoline.h
fn=(456) _dl_runtime_resolve_xsave
67 2
+5 2
+3 2
+2 2
+10 2
+6 2
+1 2
+1 2
+1 2
+1 2
+1 2
+1 2
+4 2
+1 2
+3 2
+1 2
+2 2
+1 2
+1 2
+1 2
+1 2
+1 2
+2 2
+7 2
+1 2
+1 2
cfi=(142)
cfn=(458)
calls=2 -80 
* 1555
+1 2
+5 2
+1 2
+1 2
+2 2
+1 2
+1 2
+1 2
+1 2
+1 2
+1 2
+2 2
+2 2
+4 2
+2 2

fl=(52)
fn=(162) _dl_catch_error
225 10
+2 2
cob=(2)
cfi=(51)
cfn=(164)
calls=1 0 
* 2759
+1 2
+1 1
+1 1
-1 1
+1 1
+2 5

fn=(248)
238 6
+1 1
+1 1
+3 1
+1 1
+2 1
cfi=(2)
cfn=(250)
calls=1 696 
* 3912
+2 1
+1 1
+1 4

fn=(166) _dl_catch_exception
175 9
+5 3
-5 9
+5 3
-2 6
+22 3
-1 3
+7 6
-6 3
+3 6
+3 3
cfi=(53)
cfn=(168)
calls=3 30 
* 72
* 12
+2 9
cfi=(66)
cfn=(214)
calls=2 61 
* 6235
cfi=(2)
cfn=(170)
calls=1 663 
* 2698
+2 3
-1 3
+1 3
-1 3
+1 6
+9 12

fl=(12)
fn=(22)
279 2
+1 4
cfi=(10)
cfn=(24)
calls=1 402 
* 20
+2 3
-1 1
+2 2

fn=(246) dfs_traversal.part.0
140 64
+8 8
-2 8
+2 16
+2 20
+3 20
-3 40
+9 16
+15 24
+1 8
+1 48
-17 12

fn=(244)
288 20
+8 2
-8 2
+8 4
+4 16
-79 4
-37 2
+37 2
-36 8
+1 2
-1 2
+1 2
-1 4
+1 6
-1 6
+1 6
-1 12
+36 30
+8 6
-3 2
+2 2
+1 2
-8 2
+5 2
+3 8
+2 18
+2 8
-90 40
cfn=(246)
calls=8 -3 
* 284
+93 16
+18 4
+13 2
+33 2
-26 8
cfi=(29)
cfn=(80)
calls=2 -62 
* 22
* 2

fl=(24)
fn=(264)
68 2
fi=(207) ./elf/../include/list.h
-24 1
fe=(24)
+24 1
fi=(207)
-25 1
fe=(24)
+26 1
+3 1
fi=(207)
-29 1
+1 1
+1 1
+2 1
fe=(24)
+28 4
+1 2
+1 1
+5 2
+5 1
+6 1
-3 1
+3 1
-6 3
+6 1
+13 3
fi=(75) ./elf/../sysdeps/unix/sysv/linux/rseq-internal.h
-72 1
fe=(24)
+72 1
cfi=(10)
cfn=(24)
calls=1 402 
* 20
fi=(75)
-74 3
+2 6
+3 2
+3 1
fe=(24)
+83 3
+7 2
+2 1
+1 1
+1 3

fn=(66)
53 3
+3 8
+5 1
-5 1
+5 1
+1 1
-6 1
+8 1

fn=(84)
42 8
+2 16

fl=(36)
fn=(102)
120 5
+2 1

fl=(72)
fn=(238)
30 20
+4 2
+1 4
+11 2
-1 4
+18 8

fl=(15)
fn=(32)
37 1
+2 3
+2 1
cfi=(16)
cfn=(34)
calls=1 399 
* 7206

fn=(436)
71 1
-32 3
+32 2

fl=(32)
fn=(90)
108 176
+33 176
+1 176
+2 176
+1 176
+21 176
+1 176
+1 153
+1 153
+1 135
+1 135
+1 135
+1 135
+21 135
+1 135
+1 135
+1 135
+1 135
+1 135
+1 135
+5 5
+1 15
+9 5
+1 5
+1 5
+1 5
+1 5
+1 5
+1 5
+1 5
-7 41
+1 41
+1 41
+1 41
+1 41
+1 41
+1 41
+1 41
+1 42
+1 29
+1 29
+1 29
+2 29
+1 29
+1 29
+1 29
+1 29
+1 29
-5 13
+1 13
+1 13
+1 13
+1 13
+1 13
+10 4
+1 4
+1 4
+2 4
+6 4
+1 4
+1 4
+1 4
+1 4
+5 4
+2 3
+1 3
+1 6
+8 3
+1 3
+3 3
+1 3
+1 3
+1 3
+1 3
+1 3
693 1
+1 1
+1 1
+1 1
+1 1
+2 1
+1 1
+1 1
+1 1
+1 1
+1 1
+1 1
+1 1
+4 1
+1 1
+1 1
+6 1
+1 1
+1 2
+4 1
+1 1
+3 1
+1 1
+1 1
+3 1
+1 1
+1 1
+6 1
+1 1
+1 1
+1 1
+1 1
+1 1
+72 1
+1 1
+1 1
+1 1
+1 1
+2 1
+1 1
+1 1
+1 1
+1 1
+1 1
+1 1
+1 1
+4 1
+1 1
+1 1
+6 1
+1 1
+1 2
+4 1
+1 1
+3 1
+1 1
+1 1
+3 1
+1 1
+1 1
+6 1
+1 1
+1 1
+1 1
+1 1
+1 1
+72 1
+1 1
+1 1
+1 1
+1 1
+2 1
+1 1
+1 1
+1 1
+1 1
+1 1
+1 1
+1 1
+4 1
+1 1
+1 1
+6 1
+1 1
+1 2
+4 1
+1 1
+3 1
+1 1
+1 1
+3 1
+1 1
+1 1
+6 1
+1 1
+1 1
+1 1
+1 1
+1 1
+72 6
+1 6
+1 6
+1 6
+1 6
+2 6
+1 6
+1 6
+1 6
+1 6
+1 6
+1 6
+1 1
+4 1
+1 1
+1 1
+6 1
+1 1
+1 2
+4 1
+1 1
+3 1
+1 1
+1 1
+3 1
+1 1
+1 1
+6 1
+1 1
+1 1
+1 1
+1 1
+1 1
+7 1
+1 1
+2 1
+1 1
+2 1
+1 1
+1 1
+3 1
+1 1
+1 1
+6 1
+1 1
+1 1
+1 1
+1 1
+1 1
+41 4
+1 4
+1 4
+1 4
+1 4
+2 4
+1 4
+1 4
+1 4
+1 4
+1 4
+1 4
+1 1
+4 1
+1 1
+1 1
+6 1
+1 1
+1 2
+4 1
+1 1
+3 1
+1 1
+1 1
+3 1
+1 1
+1 1
+6 1
+1 1
+1 1
+1 1
+1 1
+1 1
+72 2
+1 2
+1 2
+1 2
+1 2
+2 2
+1 2
+1 2
+1 2
+1 2
+1 2
+1 2
+1 2
+4 2
+1 2
+1 2
+6 2
+1 2
+1 4
+4 2
+1 2
+3 2
+1 2
+1 2
+3 2
+1 2
+1 2
+6 2
+1 2
+1 2
+1 2
+1 2
+1 2
+72 2
+1 2
+1 2
+1 2
+1 2
+2 2
+1 2
+1 2
+1 2
+1 2
+1 2
+1 2
+1 2
+4 2
+1 2
+1 2
+6 2
+1 2
+1 4
+4 2
+1 2
+3 2
+1 2
+1 2
+3 2
+1 2
+1 2
+6 2
+1 2
+1 2
+1 2
+1 2
+1 2
1693 3
+1 3
+1 3
+1 3
+1 3
+2 3
+1 3
+1 3
+1 3
+1 3
+1 3
+1 3
+1 2
+4 2
+1 2
+1 2
+6 2
+1 2
+1 4
+4 2
+1 2
+3 2
+1 2
+1 2
+3 2
+1 2
+1 2
+6 2
+1 2
+1 2
+1 2
+1 2
+1 2
+72 5
+1 5
+1 5
+1 5
+1 5
+2 5
+1 5
+1 5
+1 5
+1 5
+1 5
+1 5
+1 2
+4 2
+1 2
+1 2
+6 2
+1 2
+1 4
+4 2
+1 2
+3 2
+1 2
+1 2
+3 2
+1 2
+1 2
+6 2
+1 2
+1 2
+1 2
+1 2
+1 2
+72 1
+1 1
+1 1
+1 1
+1 1
+2 1
+1 1
+1 1
+1 1
+1 1
+1 1
+1 1
+1 1
+4 1
+1 1
+1 1
+6 1
+1 1
+1 2
+4 1
+1 1
+3 1
+1 1
+1 1
+3 1
+1 1
+1 1
+6 1
+1 1
+1 1
+1 1
+1 1
+1 1
+72 16
+1 16
+1 16
+1 16
+1 16
+2 16
+1 16
+1 16
+1 16
+1 16
+1 16
+1 16
+2 6
+4 6
+1 6
+1 6
+6 6
+1 6
+2 12
+4 6
+1 6
+3 6
+1 6
+1 6
+3 6
+1 6
+1 6
+6 6
+1 6
+1 6
+1 6
+1 6
+1 6
+74 23
+2 23
+1 23
+1 23
+1 23
-3 23
+1 23
+1 23
+1 23
+1 58
+5 29
+6 29
+1 29
+8 29
+1 29
-16 147
+6 147
+1 147
+8 147
+1 147

fl=(19)
fn=(46)
255 24
-5 24
+16 12
-16 72
+13 12
+1 36
-3 24
+11 60
+5 24
+2 12
+1 12
-1 12
+5 48
cfn=(48) intel_check_word.constprop.0
calls=12 123 
* 3876
+2 24
+3 60
cfn=(48)
calls=12 123 
* 1156
+2 24
+3 5
cfn=(48)
calls=1 123 
* 20
+2 2
+3 5
cfn=(48)
calls=1 123 
* 255
+2 2
-35 3
+39 3
+5 96

fn=(48)
123 78
-4 78
+10 104
-10 26
+10 52
+2 52
+71 200
-71 102
+2 63
+2 126
+8 126
+51 102
+22 51
fi=(20) ./elf/../bits/stdlib-bsearch.h
28 51
-1 102
+4 102
+1 51
fe=(19)
+78 102
fi=(20)
-79 76
+1 38
fe=(19)
+78 76
+3 345
fi=(20)
-84 820
+2 512
+1 256
fe=(19)
+78 512
+15 15
246 104
fi=(20)
37 63
-8 151
fe=(19)
155 36
+3 36
-6 54
+3 14
+9 14
+23 19
-32 57
+3 57
+4 50
+2 100
+2 50
+2 36
+4 11
+2 22
+6 14
+3 8
+1 12
-8 4
+2 4
-1 4
-1 4
+2 8
-2 4
+3 12
-2 12
+2 8
-10 24
+1 10
+11 12
-26 4
+9 4
+23 2
-32 6
+3 6
+4 8
+2 16
+2 8
-11 3
+7 6
+2 12

fn=(52)
481 1
+17 1
-17 4
+16 1
-16 1
+15 1
-15 3
+18 1
-1 1
+9 2
+3 3
+11 1
-11 1
-5 1
+21 3
+4 2
681 4
+1 5
+4 2
+9 2
-2 1
+2 2
-1 1
+1 3
535 6
+3 8
+7 2
-7 9
+7 6
+3 26
+14 2
+4 1
+3 1
+1 1
-4 2
+3 3
+6 2
-37 6
+15 2
+4 1
+1 1
-1 2
+18 2
-68 6
+74 4
+8 7
+2 2
+4 3
+2 1
+2 5
-4 1
+16 1
-16 3
+21 2
-21 4
+3 1
+1 4
-4 1
+6 4
+3 2
+5 1
+2 2
+1 1
+1 1
-2 2
+1 1
-19 5
+46 2
+1 1
+1 2
+2 2
-1 3
-23 2
+7 1
+2 2
-16 1
+22 1
-6 2
+1 1
+5 1

fl=(56) ./io/../sysdeps/unix/sysv/linux/read_nocancel.c
fn=(180) __read_nocancel
25 2
+1 8
+1 2

fl=(58)
fn=(190)
29 6
+1 6
+5 9
cfi=(59)
cfn=(192)
calls=3 153 
* 24

fl=(8)
fn=(14)
25 4
+3 4
-3 4
+3 8
+3 12
+1 8
+2 4
-1 4
+3 12
+1 4
+4 4
-3 4
+7 4
-4 4
-3 4
+2 8
+5 4
-5 4
-2 4
+7 4
-5 4
+10 4

fl=(31)
fn=(138) expand_dynamic_string_token
385 14
241 2
385 2
241 2
385 2
241 2
cfi=(42)
cfn=(118)
calls=2 23 
* 72
+3 4
410 2
-11 2
+11 12
-11 2
cfi=(45)
cfn=(140)
calls=2 40 
* 168

fn=(134) fillin_rpath.isra.0
468 7
+4 1
-4 8
+6 3
cfi=(7)
cfn=(136)
calls=1 239 
* 240
* 3
cfi=(7)
cfn=(136)
calls=1 239 
* 8
* 6
+7 2
+2 3
cfn=(138)
calls=1 -98 
* 118
* 1
+4 2
+5 2
cfi=(22)
cfn=(60)
calls=1 41 
* 17
* 1
+1 2
+7 5
+9 15
+1 8
+55 2
fi=(28)
50 2
cfi=(27)
cfn=(144)
calls=1 +45 
* 5
+1 1
fe=(31)
528 2
+4 3
fi=(28)
56 1
cfi=(27)
cfn=(76)
calls=1 -21 
* 25
* 1
fe=(31)
534 2
+5 1
+1 2
-1 1
-1 1
+2 1
cfi=(29)
cfn=(128)
calls=1 199 
* 13
+3 1
-3 1
+1 1
+2 1
+6 1
+1 1
-1 3
+1 11
+1 1
-1 1
+1 2
-1 2
+1 1
-1 1
+1 2
-1 6
+1 1
-1 1
+1 1
-1 3
+1 1
-1 2
+3 1
+1 1
-1 1
+1 2
+1 1
+6 2
+1 2
-57 4
+66 1
+3 8
-46 4

fn=(106)
706 11
+14 1
-14 2
+14 2
cfi=(38)
cfn=(108)
calls=1 175 
* 1847
fi=(28)
56 1
fe=(31)
720 1
fi=(28)
56 1
cfi=(27)
cfn=(76)
calls=1 -21 
* 25
fe=(31)
725 1
+2 2
+7 2
+1 2
-1 3
+5 3
fi=(28)
56 1
cfi=(27)
cfn=(76)
calls=1 -21 
* 25
fe=(31)
739 1
+2 4
+17 1
-10 1
+19 1
-11 1
-9 1
+9 1
+12 2
-10 1
+3 2
+9 1
-7 1
+4 1
+3 2
-3 1
-8 1
+3 1
+8 1
-3 1
+1 16
cfi=(44)
cfn=(132)
calls=4 125 
* 72
+2 18
-14 3
+10 3
+4 3
-12 3
-2 3
+2 3
+4 3
-3 3
+3 3
+1 3
-2 3
+5 6
+1 3
-4 3
+4 3
+15 1
+3 1
-15 1
+7 1
-1 1
+9 2
+2 4
+2 3
+36 5
+2 2
cfi=(22)
cfn=(60)
calls=1 41 
* 17
* 9
-19 1
-2 1
+2 2
+19 9
cfi=(29)
cfn=(80)
calls=1 212 
* 11
* 1
+5 4
-1 2
+2 1
+1 2
-2 4
+1 13
+1 26
-2 52
+5 1
fi=(28)
56 1
cfi=(27)
cfn=(76)
calls=1 -21 
* 25
fe=(31)
836 1
fi=(28)
56 1
fe=(31)
838 2
+6 6
cfn=(134)
calls=1 468 
* 587
+3 3
+6 1
+4 8
-35 2
+5 2

fn=(176) open_verify.constprop.1
1568 11
+39 3
+19 4
cfi=(55)
cfn=(178)
calls=1 28 
* 19
* 1
+2 2
+11 1
+6 2
-5 1
+5 8
cfi=(56)
cfn=(180)
calls=1 25 
* 6
+2 2
+2 2
+2 2
+6 2
+17 11
fi=(28)
50 2
cfi=(27)
cfn=(144)
calls=1 +45 
* 5
fe=(31)
1856 9
1674 3
+74 2
+5 2
+2 4
+6 2
+6 1
+1 1
-1 3
+1 1
-1 1
+1 2
+1 2
+20 3
+31 1
-31 1
1633 1
1820 2
-31 66
+1 28
+1 8
+4 8
+25 12
+3 18
+3 2
-4 2
+4 4
+6 4
-36 6

fn=(184) _dl_map_object_from_fd
944 20
+10 2
-10 8
+10 2
cfi=(46)
cfn=(186)
calls=2 38 
* 14
* 2
+7 8
+85 8
+10 4
+7 14
cfi=(26)
cfn=(70)
calls=2 59 
* 766
* 2
+1 4
+11 4
+5 2
-5 2
+1 4
+1 2
+2 2
-2 2
+2 4
+1 6
+1 2
+19 2
-2 1
+2 12
-2 1
+2 30
+10 8
+85 2
-58 2
-34 2
-1 2
+93 2
+6 2
-64 4
+9 2
+55 4
-55 2
-42 2
+97 4
1101 2
-5 4
+15 60
+20 2
+1 1
-22 69
+1 127
1213 4
1110 2
1213 4
1110 6
1218 6
+10 4
+1 2
-1 2
+1 2
-1 6
+1 6
-1 6
+1 6
-1 18
1076 4
1235 4
+10 8
+7 4
fi=(61) ./elf/./dl-map-segments.h
96 2
fe=(31)
1252 6
fi=(61)
28 2
fe=(31)
1252 2
fi=(61)
96 2
fe=(31)
1252 2
fi=(61)
28 4
+1 16
cfi=(60)
cfn=(194)
calls=2 +18 
* 18
+74 4
-1 2
-73 2
+74 2
+3 4
+1 2
+2 2
-3 2
+1 2
+2 2
+17 2
+2 2
fi=(62) ./elf/./dl-load.h
-37 16
+1 6
+2 16
fi=(61)
+56 32
+8 2
-2 2
+1 2
+2 2
-1 2
+1 2
-1 6
+8 4
+3 4
+8 14
cfi=(44)
cfn=(132)
calls=2 -52 
* 237
+1 4
+5 4
+12 8
-59 40
+2 12
+3 6
-3 12
+2 48
cfi=(60)
cfn=(194)
calls=6 -93 
* 54
* 18
fi=(57) ./elf/../sysdeps/posix/dl-fileid.h
37 6
cfi=(58)
cfn=(190)
calls=2 -8 
* 30
* 4
fe=(31)
999 4
fi=(57)
40 6
fe=(31)
999 2
fi=(57)
40 2
fe=(31)
999 23
+1 10
fi=(57)
49 12
fe=(31)
1515 18
1018 4
+66 13
+1 2
-1 1
+1 1
-1 1
+1 1
cfi=(71)
cfn=(232)
calls=1 25 
* 7
* 2
+26 26
+26 48
+10 8
-1 8
-1 8
+2 8
+2 8
-2 8
-1 48
+2 16
+1 8
+2 8
-3 8
+3 48
+2 16
+4 16
+1 30
+4 6
+1 6
-1 6
+1 42
-18 6
+28 6
-11 2
+1 2
-1 2
+1 14
-18 2
+28 2
-56 4
+7 2
+2 2
-2 2
+1 2
+1 2
-1 4
+1 16
+50 3
+5 1
-1 2
+5 1
-5 2
-56 1
+61 4
+1 1
+3 1
-3 1
+8 4
+15 4
+1 2
+58 8
+1 6
fi=(63) ./elf/./elf/get-dynamic-info.h
39 4
+6 2
-2 2
+2 4
+9 2
+5 2
+3 2
+2 2
-3 2
-3 2
-3 28
+13 8
-23 32
+23 29
-23 116
+4 74
+5 40
+2 10
+3 8
+13 8
+10 7
+1 8
+1 8
+1 8
+2 8
+5 7
+1 7
+1 8
+3 6
+5 2
+7 4
+1 6
+22 6
+5 2
+2 2
+2 2
+2 2
+4 6
+2 3
+1 2
+9 2
+6 2
+4 4
fe=(31)
1275 4
+1 4
+2 4
+10 6
+19 6
+2 10
+52 6
+1 2
+6 16
+1 42
+6 8
cfn=(88)
calls=2 868 
* 40
-7 54
+1 25
+6 25
-6 50
fi=(30)
95 16
213 2
-1 4
105 4
212 2
105 2
-2 2
-3 2
+2 2
+3 2
-4 4
+92 8
-1 2
-87 6
+3 6
+1 4
+1 4
+4 6
+4 6
+3 6
+1 4
+4 2
+1 8
+58 6
+2 8
-56 6
+1 3
+3 6
+3 3
+1 12
+5 6
+2 6
+5 6
+14 3
-1 6
+2 2
-1 4
fe=(31)
1380 4
cfi=(64)
cfn=(204)
calls=2 25 
* 12
* 4
+13 4
+2 8
+2 4
+16 4
cfi=(8)
cfn=(14)
calls=2 25 
* 58
+4 4
+1 4
+17 4
+1 1
+3 1
+5 1
-5 1
+5 1
-5 1
+5 1
-5 1
+5 1
+10 4
+7 12
+10 4
+1 4
+5 2
cfi=(47)
cfn=(236)
calls=1 131 
* 10
+7 6
cfi=(26)
cfn=(82)
calls=2 31 
* 94
+3 8
+23 14
+1 6
cfi=(49)
cfn=(206)
calls=2 76 
* 10
* 2
fi=(62)
95 5
+2 1
-1 2
+1 1
-1 1
+1 1
-1 1
+1 1
-1 2
+3 4
fe=(31)
1506 10
fi=(30)
198 8
+2 2
+1 2
+2 2
-3 6
fe=(31)
1368 6
fi=(63)
62 8
+2 8
fe=(31)
1084 2
fi=(61)
187 8
cfi=(60)
cfn=(194)
calls=1 47 
* 9
+3 2
fe=(31)
1462 6
+2 1
-1 5
+1 1
-1 1
+1 1
-1 1
cfi=(32)
cfn=(90)
calls=1 108 
* 25
* 2
+2 5
1275 2
fi=(57)
49 3
fi=(30)
170 3
-39 2
fe=(31)

fn=(88)
868 3
+8 3
-8 3
+8 3
-6 3
+12 6
-13 3
+13 3
-13 3
+13 6
+3 9
+1 6
+1 6
+43 3

fn=(216) open_path
1870 8
+1 1
-1 6
+1 1
+6 2
+5 16
-7 2
+7 1
-8 1
+8 2
+3 2
+9 6
+7 3
+1 1
-1 1
cfi=(29)
cfn=(128)
calls=1 199 
* 13
-12 1
+12 1
+59 5
-58 4
+3 20
+5 80
cfi=(29)
cfn=(128)
calls=10 199 
* 134
* 40
cfi=(29)
cfn=(128)
calls=10 199 
* 130
+3 20
+6 30
+3 60
cfn=(218) open_verify.constprop.0
calls=10 1568 
* 540
* 10
+2 30
+2 20
+65 8
+7 2
-2 2
+2 2
+3 3
-13 1
+27 9
1902 58
+29 20
+1 70
+6 20
+2 10
-2 10
+2 20
cfi=(67)
cfn=(220)
calls=10 28 
* 158
* 10
+3 10
-3 20
+1 1
+2 2
-2 1
+2 26
-61 2

fn=(218)
1568 121
+39 33
+19 44
cfi=(55)
cfn=(178)
calls=11 28 
* 239
* 11
+2 22
+11 1
+6 2
-5 1
+5 8
cfi=(56)
cfn=(180)
calls=1 25 
* 6
+2 2
+2 2
+2 2
+6 2
+17 11
fi=(28)
50 2
cfi=(27)
cfn=(144)
calls=1 +45 
* 5
fe=(31)
1856 99
1674 3
+74 2
+5 2
+2 4
+6 2
+6 1
+1 1
-1 3
+1 1
-1 1
+1 2
+21 3
+31 1
-31 1
1633 1
1820 2
-31 48
+1 24
+1 8
+4 8
+6 4
+1 28
+10 12
cfi=(71)
cfn=(232)
calls=2 25 
* 14
* 16
+8 18
+15 2
+6 1
-3 1
+1 1
+1 1
+1 2
-3 1
+1 1
+1 1
+2 1
-3 3
-1 1
+4 2
-19 18
+3 2
-4 2
+4 4
+5 1
+1 4
-60 13
+1 3
-1 1
+1 3
cfi=(71)
cfn=(232)
calls=1 25 
* 7
* 3
+16 5
1612 20
+62 3
1802 4
-30 2

fn=(212)
238 4
+3 2
-3 4
+7 2
-7 4
+3 2
cfi=(42)
cfn=(118)
calls=2 23 
* 72
+3 4
+20 14

fn=(172)
2022 30
+8 6
+1 12
+3 42
+5 49
+2 21
cfi=(54)
cfn=(174)
calls=7 68 
* 815
* 14
+4 12
+1 18
+4 2
-1 10
+1 2
+1 2
-1 2
+1 2
cfi=(32)
cfn=(90)
calls=2 108 
* 91
* 4
2329 27
2068 2
+1 2
-1 2
+1 2
-1 2
+1 2
-1 4
-44 2
+53 6
+17 4
-2 2
+2 2
cfi=(42)
cfn=(118)
calls=2 23 
* 48
* 4
2260 2
-1 3
cfn=(138)
calls=1 385 
* 168
+2 1
-3 1
+1 1
+2 2
+4 5
cfn=(176)
calls=1 1568 
* 283
+3 2
-3 1
+3 1
+12 4
+46 1
+1 3
-1 1
+1 9
cfn=(184)
calls=1 944 
* 1819
-1 1
+1 3
-1 1
+1 9
cfn=(184)
calls=1 944 
* 2200
* 6
2098 2
cfi=(22)
cfn=(60)
calls=1 41 
* 17
* 2
+2 2
+7 4
+51 11
cfn=(216)
calls=1 1870 
* 1656
+6 1
-6 1
+6 4
682 1
2165 1
682 2
2252 2
+28 4
+2 4
2111 1
696 3
2111 1
+1 1
696 2
2116 3
682 1
2117 1
682 2
2173 1
+14 2
+2 3
+4 2
cfi=(68)
cfn=(222)
calls=1 416 
* 931
* 1
+2 2
+4 2
+8 3
+23 6
cfn=(218)
calls=1 1568 
* 396
+4 2
-4 1
+4 1
+1 2
2131 5
+1 10
682 1
2133 1
682 2
2157 3
+1 2
-16 2

fl=(74)
fn=(252)
361 6
+4 5
-2 2
+4 24
cfn=(254) _dl_check_map_versions
calls=4 155 
* 3829
-2 4
+2 12
-1 4
-1 8
+5 7

fn=(254)
155 32
+15 4
-15 8
+15 8
+2 20
+2 4
+1 4
-1 4
+1 4
+2 8
+3 4
-16 2
-8 2
+28 2
-4 2
+4 4
+16 2
36 4
200 2
36 10
+1 5
-1 10
+2 21
cfi=(54)
cfn=(174)
calls=7 +30 
* 805
* 14
208 6
+5 2
-71 4
+71 6
+8 2
-2 2
-2 4
+4 2
-4 12
+4 6
-2 6
-2 12
+4 6
-4 61
56 32
+8 24
+6 24
+16 8
+1 16
+2 8
+5 72
+14 164
+12 222
+4 74
-30 148
224 32
+3 24
+5 6
-11 6
110 8
+3 32
cfi=(32)
cfn=(90)
calls=8 -5 
* 248
* 34
236 8
+14 4
+3 8
+10 42
-7 168
+3 126
-3 8
+3 6
+8 6
+6 3
fi=(28)
44 3
fe=(74)
273 3
fi=(28)
44 3
cfi=(27)
cfn=(72)
calls=3 +34 
* 108
fe=(74)
272 3
fi=(28)
44 3
fe=(74)
274 6
+13 3
-3 3
+3 12
+2 9
+3 8
+4 6
+7 8
+1 8
-1 24
+1 8
+1 8
-2 8
+2 16
+1 24
+3 24
+5 6
-15 6
+2 6
-2 6
+2 6
-2 6
+2 12
-2 2
+2 2
-2 2
+2 2
-2 2
+2 4
+16 6
+39 36
-29 9
+3 8
+4 42
+6 42
+1 42
+1 42
-1 126
+1 42
-1 42
+1 42
+1 42
+3 126
+4 42
-14 88
+10 6
164 2
+86 2
-94 2
+94 3

fl=(76)
fn=(268)
252 8
42 1
+9 1
-10 1
+4 1
-4 1
+3 1
+4 2
+1 2
-1 2
+14 2
254 8

ob=(5)
fl=(150)
fn=(508)
0 12
cob=(3)
cfi=(151)
cfn=(510)
calls=1 242 
0 735484508

fn=(520)
0 12

fn=(766) 0x00000000000016a0
0 5

fn=(750)
0 9
cob=(2)
cfi=(51)
cfn=(756) 0x00000000001090d0
calls=1 0 
0 74
0 1
cfn=(766)
calls=1 0 
0 5
0 3

fl=(157)
fn=(686) whiten
780 24
+5 48
+18 10852
+1 10852
+1 10852
+1 10852
-21 21752
+1 70902
+8 117000
+4 16434
+4 10956
+8 24

fn=(690) BFS_backwards
947 99
+1 18
cfn=(686)
calls=9 780 
* 115591
+1 9
+2 9
-1 9
+1 9
cob=(2)
cfi=(51)
cfn=(542) 0x0000000000109150
calls=9 0 
* 981
54 9
951 9
+3 18
54 9
cob=(2)
cfi=(51)
cfn=(542)
calls=9 -54 
* 981
+1 9
+1 9
+4 9
+1 9
+2 9
955 18
83 10803
+3 7202
+7 7164
+1 3582
958 3582
434 3582
958 3582
434 10746
958 19
434 19
958 19
434 57
+7 83163
-7 149408
959 14404
cob=(2)
cfi=(51)
cfn=(542)
calls=3601 0 
* 162621
+11 10803
-10 3601
+10 3601
-11 3601
+2 3601
+9 3601
cfn=(692) find_reached
calls=3601 854 
* 133755900
+3 7202
cob=(2)
cfi=(51)
cfn=(640) 0x00000000001090e0
calls=3601 0 
* 336188
+1 3601
+1 7202
+15 14400
-2 578717
-13 1157434
+1 3474552
+1 578955
434 1736865
+7 13818132
-7 25346040
978 1157910
+6 1158422
+6 10803
+4 3593
-1 3593
+2 10778
+2 7184
+1 3592
cob=(2)
cfi=(51)
cfn=(640)
calls=3592 0 
* 341293
-1 1177736
+1 588868
cob=(2)
cfi=(51)
cfn=(640)
calls=588868 0 
* 65780762
-3 1184920
+5 7186
cob=(2)
cfi=(51)
cfn=(640)
calls=3593 0 
* 402248
-45 10779
+48 72
-24 3592
+1 3592
54 3592
981 3592
-1 14368
+1 3592
54 3592
cob=(2)
cfi=(51)
cfn=(542)
calls=3592 -54 
* 445203
+1 3592
+2 7184
-2 3592
+1 3592
+1 3592
-1 3592
+1 3592
+1 3582
+4 3582
-2 3582
+1 3582
+1 3592
-2 10
+1 10
+1 10
+1 20
+25 19
+1 19
+1 19
990 4

fn=(540)
1005 985
+1 1
655 1
fi=(175) /usr/include/x86_64-linux-gnu/bits/stdio2.h
112 1
fe=(157)
655 1
1005 3
+1 2
cob=(2)
cfi=(51)
cfn=(542)
calls=1 0 
* 1810
+1 1
-1 1
+1 1
cob=(2)
cfi=(51)
cfn=(542)
calls=1 0 
* 189
* 1
+1 1
+1 1
+2 1
fi=(175)
266 4
cob=(2)
cfi=(51)
cfn=(568) 0x0000000000109120
calls=1 0 
* 778
* 93384
cob=(2)
cfi=(51)
cfn=(568)
calls=23346 0 
* 4192827
fe=(157)
1011 116732
655 796848
-1 815517
1014 108935
cfn=(614) update_graph
calls=21787 670 
* 25314886
+65 46644
fi=(175)
112 3118
fe=(157)
655 3118
-1 7194
+1 15022
-1 55440
+1 55401
-1 8262
+1 9420
-1 1224
+10 3617
+3 24
1028 96
+1 24
-2 48
+3 98
-1 98
-1 806
+4 24
+1 24
-1 24
+1 48
+1 216
cob=(2)
cfi=(51)
cfn=(680) 0x0000000000109140
calls=24 0 
* 408
+1 24
-1 24
+1 48
+2 24
fi=(176) /usr/include/stdlib.h
364 96
fe=(157)
1037 24
fi=(176)
364 24
cob=(2)
cfi=(51)
cfn=(618) 0x0000000000109130
calls=24 0 
* 3998
* 144
cob=(2)
cfi=(51)
cfn=(618)
calls=24 0 
* 4385
fe=(157)
1041 24
+1 48
-1 48
+1 15
cob=(2)
cfi=(51)
cfn=(542)
calls=15 0 
* 2368
434 15
1043 15
-1 15
+2 15
+1 15
434 75
+7 312
-7 580
1017 1090
cfn=(614)
calls=218 670 
* 223631
* 218
+3 5775
cfn=(614)
calls=1155 670 
* 130246190
* 1155
+64 12
-61 810
cfn=(614)
calls=162 670 
* 120660
* 162
441 312
-7 580
1047 75
cfn=(684) BFS
calls=15 888 
* 319306494
+1 76
+5 546
cfn=(694) list_insert_head
calls=91 53 
* 8627
+1 273
-2 210
+4 28
cfn=(732) print_list
calls=14 98 
* 60209
* 14
+4 9
cob=(2)
cfi=(51)
cfn=(542)
calls=9 0 
* 1226
+3 9
434 9
1061 9
-1 9
+2 9
434 45
+7 183
-7 341
+7 195
-7 352
1065 45
cfn=(690)
calls=9 947 
* 253799392
+1 46
+5 282
cfn=(694)
calls=47 53 
* 4920
+1 141
-2 110
+4 16
cfn=(696) print_list_backwards
calls=8 110 
* 31343
+5 8
fi=(175)
112 4
cob=(2)
cfi=(51)
cfn=(650) 0x0000000000109100
calls=2 0 
* 310
* 2
fe=(157)

fn=(624) graph_insert
520 3417
+1 1139
-1 5695
+1 1139
cob=(2)
cfi=(51)
cfn=(542)
calls=1139 0 
* 194723
+1 1139
-1 1139
+1 1139
cob=(2)
cfi=(51)
cfn=(542)
calls=1139 0 
* 170000
+1 1139
-1 2278
+1 1139
cob=(2)
cfi=(51)
cfn=(542)
calls=1139 0 
* 195288
+6 1139
+1 1139
-4 1139
-3 1139
+1 1139
+1 1139
+2 1139
+5 11102
+2 17646
+1 8823
+3 17646
-6 17646
+2 2276
+1 1138
+3 2276
-6 2276
+9 1138
+1 2276
+3 2276
+4 550
+2 550
+3 550
-2 550
+2 550
-1 550
+2 2750
-1 550
cfn=(626) graph_insert_fixup
calls=550 -83 
* 15849
-3 589
+3 589
-2 589
+2 589
-1 589
+2 2945
-1 589
cfn=(626)
calls=589 -83 
* 17184
-8 1176
-5 1
+2 2

fn=(694)
53 690
+1 138
-1 138
+1 138
cob=(2)
cfi=(51)
cfn=(542)
calls=138 -54 
* 10511
+2 138
-1 138
+1 138
+1 276
+1 116
+4 116
-2 116
+1 116
+1 138
-2 22
+1 22
+1 22
+3 464
-2 22
+2 88

fn=(732)
98 14
+1 28
-1 98
fi=(175)
+14 308
cob=(2)
cfi=(51)
cfn=(700) 0x0000000000109170
calls=77 0 
* 49779
fe=(157)
-6 77
-7 154
+1 91
+1 91
-1 91
fi=(175)
+12 56
cob=(2)
cfi=(51)
cfn=(700)
calls=14 0 
* 8610
fe=(157)
-6 14
-7 28
+9 14
fi=(175)
+4 14
fe=(157)
-4 28
fi=(175)
+4 14
cob=(2)
cfi=(51)
cfn=(716) 0x00000000001090f0
calls=14 0 
* 700
fe=(157)

fn=(688) find_reachable
812 69095
+5 15945
+1 14510355
+22 3182378
+8 3213987
-31 6427974
+35 6533712
-21 34792808
+4 4868394
+4 1622798
+1 3245596
+1 12855948
-1 6427974
+2 3178758
-1 3178758
54 1494342
cob=(2)
cfi=(51)
cfn=(542)
calls=747171 -54 
* 56932239
+2 747171
-1 747171
+1 747171
+1 1494342
+1 741857
+2 741857
+2 741857
-1 741857
+1 741857
-2 5314
+2 5314
-1 5314
+1 5314
+1 10628

fn=(674) rb_delete_fixup
327 81
+1 81
-1 162
+1 173
+30 44
+6 110
+2 11
-2 22
+1 10
-37 161
+3 141
+1 25
+1 50
+6 125
+2 11
-2 22
161 15
350 30
+1 15
+1 15
163 30
+1 30
350 12
+1 6
+1 6
163 12
+1 12
+1 8
+2 16
+1 16
-1 26
+1 26
+3 42
+4 13
+2 13
+1 13
+1 13
-2 8
+1 8
+1 8
+4 6
359 6
+1 6
183 6
+1 12
+1 6
+2 12
+1 12
+3 12
+4 2
+2 2
+1 2
362 6
197 4
+1 4
362 12
163 3
334 3
+1 3
163 3
+1 6
+1 3
+2 6
+1 6
+3 6
+4 2
+2 2
+1 2
337 6
177 1
+1 1
337 3
-8 88
192 8
369 22
-3 4
182 4
375 8
+1 4
+1 4
183 8
+1 8
-2 5
375 10
+1 5
+1 5
183 10
+1 10
375 14
+1 7
+1 7
183 14
+1 14
+1 4
+2 8
+1 8
-1 24
+1 24
+3 32
+4 11
+2 11
+1 11
381 11
197 5
+1 5
381 5
172 2
+20 10
344 28
-3 16
+29 7
+1 7
163 14
+1 14
+3 14
+1 14
+3 14
+6 7
+1 7
373 14
+4 21
-32 6
+1 6
183 12
+1 12
+3 12
+1 12
+3 12
+4 6
+2 6
+1 6
348 12
+4 18
172 30

fn=(626)
471 2278
+1 3418
+27 970
+1 264
+1 264
+1 264
-30 1045
+4 517
+1 1034
-1 1138
+1 2276
+1 3832
+1 473
+1 946
+1 258
+1 258
+20 258
-30 516
+1 12
+45 697
205 221
506 442
+5 221
202 221
512 221
204 442
+1 442
+1 60
+2 120
+1 120
-1 322
+1 322
+3 442
+4 113
+2 113
+1 113
518 113
218 108
+1 108
518 108
205 215
487 430
+5 215
+1 215
224 430
+1 430
+1 45
+2 90
+1 90
-1 340
+1 340
+3 428
+4 110
+2 110
+1 110
+1 110
-2 105
+1 105
+1 105
-16 222
+1 222
+1 21
+2 42
+1 42
-1 90
+1 180
+3 222
+4 111
+2 111
+1 111
512 333
233 208
-20 216
+17 2
-26 226
+1 226
+1 23
+2 46
+1 46
+3 46
+6 113
+1 113
493 113
223 339
-15 90
+1 180
+4 226

fn=(636) tree_insert
291 697938
+1 232646
+1 5356
+3 10712
cob=(2)
cfi=(51)
cfn=(542)
calls=5356 0 
* 1061983
* 221934
cob=(2)
cfi=(51)
cfn=(542)
calls=110967 0 
* 21551621
+3 116323
+1 116323
-3 116323
-1 116323
+6 861323
+2 627538
+1 627538
+3 1255076
-6 1255076
+2 115184
+1 115184
+3 230368
-6 230368
+9 115184
+1 230368
+3 230368
+4 62182
+2 62182
+3 62182
-2 62182
+1 62182
+2 186546
-1 62182
cfn=(638) rb_insert_fixup
calls=62182 -82 
* 1844315
-3 54141
+3 54141
-2 54141
+1 54141
+2 162423
-1 54141
cfn=(638)
calls=54141 -82 
* 1529618
-8 106004
-5 1139
+2 2278

fn=(638)
242 232646
+1 350108
+27 105904
+1 29471
+1 29471
+1 29471
-30 111419
+4 52477
+1 104954
-1 115184
+1 230368
+1 401116
+1 47327
+1 94654
+1 26585
+1 26585
+20 26585
-30 53170
+1 9436
+45 67382
164 23481
277 46962
+5 23481
161 23481
283 23481
163 46962
+1 46962
+1 5586
+2 11172
+1 11172
-1 35790
+1 35790
+3 44972
+4 11907
+2 11907
+1 11907
289 11907
177 11574
+1 11574
289 11574
169 1990
-5 20742
+94 41484
+5 20742
+1 20742
-81 41484
+1 41484
+1 5248
+2 10496
+1 10496
-1 30988
+1 30988
+3 39540
+4 9793
+2 9793
+1 9793
+1 9793
-2 10949
+1 10949
+1 10949
-16 19690
+1 19690
+1 2559
+2 5118
+1 5118
-1 7286
+1 14572
+3 19690
+4 9845
+2 9845
+1 9845
+85 29535
-91 19954
-20 21158
+17 1944
-26 23020
+1 23020
+1 2759
+2 5518
+1 5518
+3 5518
+6 11510
+1 11510
+86 11510
-82 34530
-15 8751
+1 17502
+4 23020

fn=(684)
888 165
+1 15
-1 15
+1 15
cfn=(686)
calls=15 780 
* 164957
+1 15
+2 15
-1 15
+1 15
cob=(2)
cfi=(51)
cfn=(542)
calls=15 0 
* 2115
54 15
892 15
+3 30
54 15
cob=(2)
cfi=(51)
cfn=(542)
calls=15 -54 
* 2115
911 15
55 15
+1 15
+4 15
+1 15
+2 15
911 15
-15 45
83 15945
+3 10630
+7 10572
+1 5286
899 5286
434 5286
899 5286
434 15858
899 29
434 29
899 29
434 87
+7 118260
-7 213045
900 26575
cob=(2)
cfi=(51)
cfn=(542)
calls=5315 0 
* 240615
+11 15945
-10 5315
+10 10630
-11 5315
+2 5315
+9 5315
cfn=(688)
calls=5315 -99 
* 170028085
+3 10630
cob=(2)
cfi=(51)
cfn=(640)
calls=5315 0 
* 492487
+1 5315
+1 10630
+16 21256
-2 700472
-14 1400944
+1 5618928
+2 701878
434 2105634
+7 16255113
-7 29899367
920 1403756
+6 1405650
+6 15945
+3 5301
+1 5301
+1 15902
+2 10600
+1 5300
cob=(2)
cfi=(51)
cfn=(640)
calls=5300 0 
* 498847
-1 1482766
+1 741383
cob=(2)
cfi=(51)
cfn=(640)
calls=741383 0 
* 82708221
-3 1493366
+5 10602
cob=(2)
cfi=(51)
cfn=(640)
calls=5301 0 
* 593561
-46 15903
+49 120
-24 5300
+1 5300
54 5300
923 5300
-1 26500
+1 5300
54 5300
cob=(2)
cfi=(51)
cfn=(542)
calls=5300 -54 
* 620291
+1 5300
+2 15900
-2 5300
+1 5300
+1 5300
-1 5300
+1 5300
+1 5286
+4 5286
-2 5286
+1 5286
+1 5300
-2 14
+1 14
+1 14
+1 28
+25 29
+1 29
+1 29
932 4

fn=(692)
854 3601
+5 7202
-5 36010
+24 10292920
+1 2737898
-1 2737898
+4 2569630
-23 7712490
+1 2573230
+1 2573230
-1 6451968
+1 1305508
-1 7833048
+9 27917128
+4 3916524
+4 2611016
54 1185468
cob=(2)
cfi=(51)
cfn=(542)
calls=592734 -54 
* 45331385
+2 592734
-1 592734
+1 592734
+1 1185468
+1 589134
+2 589134
+2 589134
-1 589134
+1 589134
-2 3600
+2 3600
-1 3600
+1 3600
882 3600
63 3600
859 7200
+27 21606

fn=(614)
670 349830
-6 93288
+1 23322
-1 69966
+1 1013050
-1 3039150
+3 23322
+8 116610
+1 176863
-1 1054713
fi=(176)
364 69966
cob=(2)
cfi=(51)
cfn=(618)
calls=23322 0 
* 4306159
* 23322
fe=(157)
682 46644
+10 44334
+13 134308
+1 201008
-1 1187884
fi=(176)
364 92576
cob=(2)
cfi=(51)
cfn=(618)
calls=23144 0 
* 3914553
fe=(157)
712 46288
fi=(176)
364 23144
fe=(157)
712 23144
+17 45852
+48 1139
-33 2278
+34 256542
-65 218
434 654
+7 4614
-7 8311
716 207
123 621
+7 2736
-7 4008
717 360
cfn=(672) rb_delete
calls=180 383 
* 15166
* 180
+3 180
cob=(2)
cfi=(51)
cfn=(640)
calls=180 0 
* 16380
fi=(175)
112 360
cob=(2)
cfi=(51)
cfn=(650)
calls=180 0 
* 27900
fe=(157)
722 360
-39 1155
434 3466
+7 30246
-7 50458
fi=(175)
112 70
cob=(2)
cfi=(51)
cfn=(650)
calls=35 0 
* 5425
fe=(157)
771 70
-87 3417
+21 1139
-21 1139
cfn=(624)
calls=1139 520 
* 721157
+21 3417
+40 1139
434 3417
+7 28035
-7 51281
747 2278
cob=(2)
cfi=(51)
cfn=(542)
calls=1139 0 
* 144250
+3 1139
-1 1139
-2 1139
+3 2278
-4 1850
-75 925
+79 368600
+2 366750
cob=(2)
cfi=(51)
cfn=(628) 0x0000000000109160
calls=366750 0 
* 46944000
+1 366750
+2 366750
-3 366750
+1 366750
+2 366750
-1 366750
-4 3229135
+1 461305
+1 461305
+1 922610
-1 461305
-1 1017165
+7 94555
cob=(2)
cfi=(51)
cfn=(628)
calls=94555 0 
* 12103040
+1 94555
fi=(176)
364 283665
fe=(157)
758 94555
+1 94555
fi=(176)
364 94555
cob=(2)
cfi=(51)
cfn=(618)
calls=94555 0 
* 15374295
fe=(157)
761 283665
cfn=(636)
calls=94555 291 
* 28230533
+1 189110
cob=(2)
cfi=(51)
cfn=(640)
calls=94555 0 
* 8604747
+1 189110
cob=(2)
cfi=(51)
cfn=(542)
calls=94555 0 
* 3876755
+3 94555
-1 94555
-1 94555
-1 94555
+3 94555
-20 428
+23 2278
fi=(175)
112 45814
cob=(2)
cfi=(51)
cfn=(650)
calls=22907 0 
* 3562444
fe=(157)
741 22907
fi=(175)
112 22983
cob=(2)
cfi=(51)
cfn=(650)
calls=38 0 
* 5890
fe=(157)
726 76
+4 21787
434 65361
+7 579783
-7 1031609
733 43536
cfn=(636)
calls=21768 291 
* 6386644
* 21768
-40 486
cfn=(676) graph_delete
calls=162 -80 
* 17213
* 162
+1 324
+1 146
cob=(2)
cfi=(51)
cfn=(640)
calls=146 0 
* 13286
fi=(175)
112 292
cob=(2)
cfi=(51)
cfn=(650)
calls=146 0 
* 22630
fe=(157)
701 146
fi=(175)
112 178
cob=(2)
cfi=(51)
cfn=(650)
calls=16 0 
* 2480
fe=(157)
701 16
fi=(175)
112 16
fe=(157)

fn=(672)
383 180
+1 180
123 540
+7 1490
-7 1490
+4 925
+3 925
-7 1850
393 360
+9 641
135 720
414 89
-2 89
+2 89
+1 267
-3 82
+2 82
+1 246
+16 198
-36 18
+19 9
+1 27
+3 360
+4 72
+2 360
+1 178
+2 360
+1 162
cfn=(674)
calls=81 327 
* 2545
+3 162
-37 4
+1 248
+7 2
+17 216

fn=(676)
613 162
+1 162
434 486
+7 2270
-7 3551
+4 1281
+3 1281
-7 2562
621 630
446 492
631 134
+2 268
+1 268
-1 24
+1 24
+3 292
+4 68
+2 292
+1 112
+2 292
+1 136
cfn=(678) graph_delete_fixup
calls=68 -90 
* 1930
+3 340
-12 156

fn=(696)
110 8
+1 16
-1 56
fi=(175)
+2 156
cob=(2)
cfi=(51)
cfn=(700)
calls=39 0 
* 25589
fe=(157)
+6 39
-7 78
+1 47
+1 47
-1 79
cob=(2)
cfi=(51)
cfn=(700)
calls=8 0 
* 4764
+6 8
-7 16
+9 8
fi=(175)
-8 8
fe=(157)
+8 16
fi=(175)
-8 8
cob=(2)
cfi=(51)
cfn=(716)
calls=8 0 
* 400
fe=(157)

fn=(678)
557 68
+1 68
-1 136
+1 138
+30 44
+6 110
+2 14
-2 28
+1 11
-37 133
+3 111
+1 15
+1 30
+6 75
+2 9
-2 18
202 6
580 12
+1 6
+1 6
204 12
+1 12
580 10
+1 5
+1 5
204 10
+1 10
+1 1
+2 2
+1 2
-1 20
+1 20
+3 22
+4 5
+2 5
+1 5
+1 5
-2 6
+1 6
+1 6
+4 3
589 3
+1 3
224 3
+1 6
+1 3
+2 6
+1 6
+3 6
+4 2
+2 2
+1 2
592 6
238 1
+1 1
592 3
204 3
564 3
+1 3
204 3
+1 6
+1 3
+2 6
+1 6
+3 6
+4 1
+2 1
+1 1
567 3
218 2
+1 2
567 6
-8 84
233 2
599 16
-3 4
223 4
605 8
+1 4
+1 4
224 8
+1 8
-2 7
605 14
+1 7
+1 7
224 14
+1 14
605 8
+1 4
+1 4
224 8
+1 8
+1 6
+2 12
+1 12
-1 18
+1 18
+3 30
+4 11
+2 11
+1 11
611 11
238 4
+1 4
611 4
213 4
+20 8
574 12
-3 2
+29 4
+1 4
204 8
+1 8
+1 1
+2 2
+1 2
-1 6
+1 6
+3 8
+6 4
+1 4
603 8
+4 12
-32 5
+1 5
224 10
+1 10
+3 10
+1 10
+3 10
+4 5
+2 5
+1 5
578 10
+4 15
213 20

ob=(4) /usr/libexec/valgrind/vgpreload_core-amd64-linux.so
fl=(145) ???
fn=(490) 0x00000000000012f0
0 5

fn=(482) 0x0000000000001170
0 12

fn=(778) 0x00000000000010e0
0 11
cob=(2)
cfi=(51)
cfn=(784) 0x000000000483f040
calls=1 0 
0 74
0 10
cfn=(790) 0x0000000000001070
calls=1 0 
0 5
0 5

fn=(790)
0 5

ob=(2)
fl=(51)
fn=(450)
0 38
cob=(1)
cfi=(10)
cfn=(24)
calls=19 402 
0 391
cob=(1)
cfi=(141)
cfn=(456)
calls=1 67 
0 813
0 5

fn=(500)
0 2
cob=(3)
cfi=(148)
cfn=(502)
calls=1 46 
0 34

fn=(606)
0 47170
cob=(3)
cfi=(173)
cfn=(608)
calls=23585 307 
0 318613

fn=(756)
0 2
cob=(3)
cfi=(193)
cfn=(758)
calls=1 30 
0 72

fn=(592)
0 4
cob=(3)
cfi=(158)
cfn=(544)
calls=2 3287 
0 370

fn=(668)
0 47134
cob=(3)
cfi=(173)
cfn=(670)
calls=23567 294 
0 354274

fn=(706)
0 552
cob=(3)
cfi=(183)
cfn=(708)
calls=276 51 
0 5244

fn=(516)
0 7

fn=(542)
0 3146718
cob=(3)
cfi=(158)
cfn=(544)
calls=1573359 3287 
0 127802552

fn=(650)
0 46648
cob=(3)
cfi=(179)
cfn=(652)
calls=23324 33 
0 3580431

fn=(654)
0 46648
cob=(3)
cfi=(180)
cfn=(656)
calls=23324 50 
0 326536

fn=(160)
0 2
cob=(1)
cfi=(52)
cfn=(162)
calls=1 225 
0 2782

fn=(618)
0 282138
cob=(3)
cfi=(177)
cfn=(620)
calls=141069 105 
0 23321252

fn=(716)
0 44
cob=(3)
cfi=(186)
cfn=(718)
calls=22 25 
0 1056

fn=(526)
0 2
cob=(1)
cfi=(49)
cfn=(530)
calls=1 117 
0 5
cob=(1)
cfi=(141)
cfn=(456)
calls=1 67 
0 824
0 5

fn=(628)
0 922610
cob=(3)
cfi=(158)
cfn=(630)
calls=461305 3400 
0 58124430

fn=(772)
0 4

fn=(478)
0 6
cob=(4)
cfi=(145)
cfn=(482)
calls=1 0 
0 12
0 1
cob=(4)
cfi=(145)
cfn=(490)
calls=1 0 
0 5
0 2

fn=(602)
0 47170
cob=(3)
cfi=(172)
cfn=(604)
calls=23585 60 
0 530988

fn=(784)
0 2
cob=(3)
cfi=(193)
cfn=(758)
calls=1 30 
0 72

fn=(640)
0 2903668
cob=(3)
cfi=(158)
cfn=(642)
calls=1451834 3352 
0 156884352

fn=(776)
0 3
cob=(4)
cfi=(145)
cfn=(778)
calls=1 0 
0 105
0 2

fn=(164)
0 6
cob=(1)
cfi=(52)
cfn=(166)
calls=3 175 
0 9110

fn=(568)
0 46694
cob=(3)
cfi=(164)
cfn=(570)
calls=23347 32 
0 4146911

fn=(700)
0 276
cob=(3)
cfi=(181)
cfn=(702)
calls=138 25 
0 88466

fn=(680)
0 48
cob=(3)
cfi=(173)
cfn=(608)
calls=24 307 
0 360

totals: 735620811
