# callgrind format
version: 1
creator: callgrind-3.18.1
pid: 3638
cmd:  ./main-hash
part: 1


desc: I1 cache: 
desc: D1 cache: 
desc: LL cache: 

desc: Timerange: Basic block 0 - 24112028869
desc: Trigger: Program termination

positions: line
events: Ir
summary: 104333392549


ob=(3) /usr/lib/x86_64-linux-gnu/libc.so.6
fl=(156) ./setjmp/./setjmp/sigjmp.c
fn=(538) __sigjmp_save
28 3
+2 2
-1 1
+5 3

fl=(177) ./stdlib/../stdlib/strtol_l.c
fn=(620) ____strtol_l_internal
225 13641612
+54 4547204
-54 18188816
+19 4547204
-19 13641612
+14 4547204
-14 4547204
+26 9094408
+31 18188816
+9 27283224
+2 9094408
+5 9094408
-1 4547204
+6 9094408
+4 9094408
+10 9083040
+10 18166080
-82 9083040
377 4541520
+56 18166080
309 4547204
449 4547204
+10 13641612
-10 4547204
+10 4547204
+12 9094408
-5 37087395
+5 37087395
+1 111262185
-41 74174790
+2 139255172
+2 111262185
+28 111262185
+3 74174790
+11 9094408
+5 13641612
+1 4547204
+5 9094408
324 9083040
491 13641612
-2 9094408
+17 22736020
+18 36377632
309 11368
+15 11368
+3 17052
-82 5684
377 5684
-50 11368

fl=(191) ./stdlib/./stdlib/cxa_thread_atexit_impl.c
fn=(728) __call_tls_dtors
149 4
+1 4
+18 4

fl=(188) ./stdio-common/./stdio-common/_itoa.c
fn=(708) _itoa_word
163 1958
+3 3916
+2 1958
+9 124682
+9 1958

fl=(104) ./string/../sysdeps/x86_64/multiarch/strcasecmp.c
fn=(344) strcasecmp
31 1
fi=(199) ./string/../sysdeps/x86_64/multiarch/ifunc-strcasecmp.h
+1 5
fe=(104)
-1 1

fl=(158) ./malloc/./malloc/malloc.c
fn=(554) tcache_init.part.0
3235 3
+9 8
+1 3
cfn=(556) _int_malloc
calls=1 1343 
* 367
* 1
+1 2
+8 4
+7 2
+2 1
+1 2
-1 1
+1 86
+3 4

fn=(558) sysmalloc
2548 13149
+20 5844
+11 2922
+1 4381
+26 1459
+1 4377
+1 1459
+9 11668
+6 4377
+3 4377
2941 2918
+1 1459
+5 2918
+3 2918
+5 2918
-2 1459
+2 1459
-1 1459
+1 1459
-3 1459
+3 1459
+1 1459
-1 4377
+1 1459
+2 2918
2581 6
+4 6
+9 8
cfn=(568) sysmalloc_mmap.constprop.0
calls=2 2420 
* 126
+1 4
2964 16071
2687 2918
+9 5836
+13 4377
+8 7295
+8 2918
+21 5604
+6 9807
cfn=(690) sysmalloc_mmap_fallback.constprop.0
calls=1401 2508 
* 72857
+2 2802
-2 1401
+2 1401
+4 1401
+14 4203
-10 2802
+2 2918
+2 4377
+6 5832
+1 57
2946 57
2773 171
+2 2804
+92 2802
-65 1401
+84 2802
+10 1402
-1 1402
+1 4206
+1 1402
+11 2804
+7 2802
+1 4203
+8 1401
+2 1401
+5 2802
+2 1748
cfn=(664) _int_free
calls=437 4421 
* 29050
* 437
+8 437
+5 874
fi=(159) ./malloc/./malloc/arena.c
565 1459
fe=(158)
2727 1459
cfi=(161) ./malloc/./malloc/morecore.c
cfn=(562) __glibc_morecore
calls=1459 25 
* 68355
+1 2918
-1 1459
+1 1459
2028 58
2729 58
2028 58
2729 58
2028 116
2730 1459
+3 2918
+33 116
2610 116
2775 2
+40 3
+22 1
+1 1
-1 1
+1 6
+2 2
+1 3
cfi=(161)
cfn=(562)
calls=1 25 
* 28
+12 2
-12 1
+12 1
2028 4
2897 4
2765 2
-36 2802
-16 3

fn=(682) munmap_chunk
3044 1
+2 1
-1 1
+1 1
-1 1
+1 1
+2 2
+4 1
-1 2
+7 1
-8 1
+8 1
-6 1
+7 1
-1 2
+1 4
+3 1
+1 3
+5 1
+1 1
-1 1
cfi=(184) ./misc/../sysdeps/unix/syscall-template.S
cfn=(684) munmap
calls=1 117 
* 6

fn=(664)
4421 236120
+10 29515
-10 88545
+10 59030
+6 147575
+1 59030
+4 118060
+8 147575
-1 59030
+1 59030
+29 29461
-20 29461
-6 29461
+6 58922
+20 117844
+14 1748
+11 3280
+2 2460
2012 2460
4527 820
+1 820
+4 2460
+2 2460
+4 1640
+2 3280
+1 820
+19 3222
4702 324665
4569 108
+3 54
+3 162
+7 54
-4 54
+4 108
+3 108
+5 162
+3 108
+1 108
+1 108
2012 162
4601 108
+9 108
+5 108
+4 54
+9 54
-1 54
+1 162
+1 108
+2 54
+2 108
+5 54
+1 54
+2 162
+1 54
+30 108
+20 162
3181 28641
+4 28641
-4 28641
+2 114564
+1 28641
+1 28641
4482 28641
4635 162
+38 123
+3 82
+2 41
-2 41
-89 6
-2 4
+89 54
cfn=(716) malloc_consolidate
calls=27 +41 
* 68599
* 27
+4 164
+2 2
cfn=(718) systrim.constprop.0
calls=1 2986 
* 60
* 1

fn=(718)
2986 1
-9 3
+9 2
+2 1
+1 2
+5 1
+1 1
-1 2
+4 5
+2 2
-10 1
+50 4
-33 2
cfi=(161)
cfn=(562)
calls=1 25 
* 28
* 1
+1 4

fn=(556)
1343 8829058
3771 4414529
1362 4414529
3771 35316232
1362 8829058
3811 2
+27 2
+66 4414494
+2 4414494
-2 4414494
+2 8828988
+2 18
+1 36
+6 18
-4 18
+1 18
+1 18
+2 36
+7 72
-1 36
+1 36
3181 18
3927 18
3183 18
3927 18
3181 18
3927 54
+1 36
1362 8829056
3811 8829056
4397 8829056
3838 8829056
+63 68
+62 1248
+1 99
+1 1
3838 2
1362 1
3843 2
+2 2
+2 4
-6 2
+9 2
+1 2
-1 4
+1 10
+5 4
+1 4
+7 2
-1 4
+1 10
+5 2
+1 2
3183 2
3870 2
+5 5
3181 2
+2 1
+2 1
-2 2
+2 1
-8 1
+8 1
3869 1
+1 11
+2 2
+2 1
+1 1
-1 2
-21 13243482
-10 4414494
+2 22072467
4399 8828952
3903 4414476
4399 57388188
3983 4414476
+1 4414476
-1 8828952
-1 8828952
+2 8828952
-1 33
+1 33
-1 66
-1 66
+2 66
-2 13243524
+12 4414508
-6 4414508
+73 17658032
-67 13243525
-6 1
+73 4
-67 9
4158 189564
-91 189564
+91 379128
-91 189564
-74 189564
3181 189564
4067 189564
3181 379128
4025 379128
3183 379128
3997 758256
+1 189564
+2 379128
-3 104
+1 26
+2 52
+1 568770
+2 189590
+1 758360
+2 758360
-10 189590
+12 379180
+1 379180
+2 379180
+11 758360
+31 187
+1 187
+4 374
+29 312
+2 176
+1 264
+1 88
-1 88
+57 88
+2 176
-2 176
+2 88
+7 88
-9 264
+9 88
-7 88
+1 88
+1 88
+6 176
-10 68
+2 136
-2 136
+2 68
+7 68
-9 204
+9 68
-7 68
+1 68
+1 68
+6 136
3994 62
2005 6
4413 39730761
2005 18
3944 18
2005 36
4060 31
+1 31
-1 31
+1 62
+5 31
-21 31
+21 31
+1 124
+28 1251
+1 84
+1 28
-1 28
+4 56
-4 120
+1 40
-1 40
+4 80
+66 468
3994 468
4183 8450154
+2 99
+3 33
-3 33
+3 66
+68 8450154
+1 4225077
+1 4225077
-1 4225077
+1 4225077
+1 8450154
+1 12675231
+5 8450670
+16 3210
+2 6420
-4 6972
+8 276
+3 552
+2 138
+1 138
+1 138
-2 552
-27 138
3181 31
+2 31
+2 31
-4 31
+2 124
4071 31
3184 31
+1 31
4071 31
3963 124
4144 204
4023 379128
+1 379022
+5 189403
-1 378806
+3 189403
-1 189403
+1 378806
+1 189403
+1 378806
+2 375208
+4 187604
+6 187604
-6 1313228
+2 562812
+1 187604
2005 562812
4039 1799
+6 1799
-6 12593
+2 5397
+1 1799
2005 5397
4269 12675285
+3 16900044
-3 12674928
+3 16899896
-3 8449860
+3 12674787
+97 4224939
+1 8449878
+2 8449878
+3 12677743
+17 4389
+2 4
cfn=(716)
calls=2 4715 
* 180
+3 2
-1 6
+1 2
-1 2
3904 3
4299 414
+3 276
+2 138
+3 276
-3 138
+3 276
cfn=(688) unlink_chunk.constprop.0
calls=138 1626 
* 4124
+3 552
+15 216
-5 108
+5 216
+1 216
+3 108
+1 108
+1 108
+3 216
+1 108
+1 216
+2 130
+3 520
+2 195
+1 65
2005 65
4347 65
2005 130
4341 344
+2 129
+1 43
2005 43
4347 43
2005 116
4347 30
2005 60
4272 79
+2 316
+1 158
-1 308
+1 154
-3 154
+41 30
-1 30
+1 60
3193 93
+1 62
+2 124
+1 31
+1 31
4174 31
4380 4223476
-2 8446952
+2 4223476
-1 4223476
+6 4223476
-5 4223476
-3 4223476
+3 4223476
+2 4223476
-2 16893904
2005 4223476
4382 4223476
2005 8446952
4407 5844
cfn=(558)
calls=1461 2548 
* 392478
* 1461
+1 2922
2005 4383

fn=(690)
2508 9807
+4 1401
-4 2802
+7 2802
+1 5
+3 2802
+5 1401
-1 2802
+3 11208
cfi=(164) ./misc/../sysdeps/unix/sysv/linux/mmap64.c
cfn=(570) mmap
calls=1401 47 
* 12609
* 1401
+3 2802
+4 2802
+7 1401
+2 1401
+2 9807
2028 5604

fn=(660) free
3352 29079
+4 58158
-4 29079
+14 29079
-14 58158
+12 29079
+4 29079
-4 29079
+4 58158
+17 87234
fi=(159)
162 87234
fe=(158)
3391 58156
cfn=(664)
calls=29078 4421 
* 1948328
+3 29078
+1 116312
-23 3
+2 4
+2 1
+1 1
-1 1
+1 1
+1 1
+3 2
cfn=(682)
calls=1 3044 
* 35
+13 1
+1 4

fn=(544) malloc
3287 26658966
+7 8886322
1343 8886320
+19 17772644
3306 17772644
+3 8886320
+10 13243584
+28 22072640
1362 4443160
3304 13329480
-63 4
cfn=(554)
calls=1 -6 
* 484
+68 2
+1 4
+1 13329384
3193 57266
+1 57266
+2 28633
+1 28633
-1 85899
+1 28633
+1 28633
3347 143165
-26 17658112
cfn=(556)
calls=4414528 1343 
* 625902587
+1 22072640
fi=(159)
162 8829052
315 1
cfn=(548) ptmalloc_init.part.0
calls=1 -2 
* 1128
fe=(158)
1343 2

fn=(568)
2420 6
+13 6
+5 4
+3 18
cfi=(164)
cfn=(570)
calls=2 47 
* 18
* 2
+3 4
+4 4
2028 8
2466 6
+19 2
-1 2
+5 2
-4 4
+4 4
+1 10
+3 6
+1 10
+5 10

fn=(688)
1626 928
+2 4640
+3 1856
+1 928
-1 2784
+3 3712
+3 928
+1 928
+1 2195
+2 136
+1 408
+3 136
+14 68
+1 136
+3 1856

fn=(716)
4715 29
+17 29
-17 116
+28 29
-28 87
+15 29
+2 29
+13 58
+1 58
-1 522
+1 522
+62 870
+1 232
-31 1634
+4 1634
+2 817
+1 1634
+1 1634
+2 1634
+1 120
+4 60
+2 60
-2 120
+3 60
+9 120
-12 757
+2 757
-2 1514
+3 757
+9 2304
-56 1634
+4 2451
+1 3268
+8 817
-3 1634
+3 817
-3 817
+4 817
-4 817
+5 817
-5 817
+5 1634
+2 1634
+1 790
+2 790
-1 790
+2 3160
+2 4740
cfn=(688)
calls=790 1626 
* 17515
* 3160
+3 1634

fl=(198) ./posix/../sysdeps/unix/sysv/linux/_exit.c
fn=(798) _Exit
27 2
+3 1
+1 2

fl=(153) ./csu/../sysdeps/nptl/libc_start_call_main.h
fn=(532) (below main)
29 4
+15 1
-15 5
+15 1
cfi=(154) ./setjmp/../sysdeps/x86_64/bsd-_setjmp.S
cfn=(534) _setjmp
calls=1 -16 
* 34
* 1
+2 2
+5 2
+1 2
+3 2
+3 6
cob=(5) /mnt/c/_Matteo/Poli/PROVA FINALE (PROGETTO DI ALGORITMI E STRUTTURE DATI)/_Progetto/main-hash
cfi=(157) /mnt/c/_Matteo/Poli/PROVA FINALE (PROGETTO DI ALGORITMI E STRUTTURE DATI)/_Progetto/main-hash.c
cfn=(540) main
calls=1 633 
* 104333255390
* 1
+16 1
cfi=(190) ./stdlib/./stdlib/exit.c
cfn=(724) exit
calls=1 +68 
* 1642

fl=(182) ./string/../sysdeps/x86_64/multiarch/memmove-vec-unaligned-erms.S
fn=(650) __mempcpy_avx_unaligned_erms
294 539639
+1 539639
+1 539639
+1 539639
+17 539639
+1 539639
+42 539639
+1 539639
+2 539639
+1 539639
+2 1875
+4 1875
+1 1340
+1 1340
+1 1340
+1 1340
+1 248
+1 248
+2 248
+2 248
-2 1092
+2 1092
+6 535
+1 535
+1 535
+1 535
+1 535
+29 537764
+1 537764
+1 537764
+1 537764
+1 537764

fl=(137) ./ctype/./ctype/ctype-info.c
fn=(442) __ctype_init
29 1
+2 7
+2 4
+2 4
+1 1

fl=(187) ./string/../sysdeps/x86_64/multiarch/strchr-avx2.S
fn=(706) __strchrnul_avx2
51 1958
+2 1958
+1 1958
+1 1958
+1 1958
+1 1958
+3 1958
+1 1958
+4 1958
+1 1958
+1 1958
+1 1958
+1 1958
+1 1958
+1 1958
+1 1958
+6 1958
+1 3916

fl=(86) ./wcsmbs/../sysdeps/x86_64/multiarch/wcsnlen.c
fn=(300) wcsnlen
29 1
fi=(87) ./wcsmbs/../sysdeps/x86_64/multiarch/ifunc-wcslen.h
+5 4
-1 2
+2 3
+2 2
+4 3
+3 3
fe=(86)
-15 1

fl=(98) ./wcsmbs/../sysdeps/x86_64/multiarch/wcscmp.c
fn=(330) wcscmp
30 1
fi=(94) ./wcsmbs/../sysdeps/x86_64/multiarch/ifunc-avx2.h
+3 5
-1 2
+2 3
+2 2
+4 3
+3 4
fe=(98)
-13 1

fl=(194) ./nptl/./nptl/pthread_mutex_unlock.c
fn=(734) pthread_mutex_unlock@@GLIBC_2.2.5
367 1
51 3
+1 2
367 1
57 2
+8 1
-3 1
-23 1
+1 2
+30 1
369 2
40 3
+1 2
+33 2
+6 4
+4 3
+3 3

fl=(165) ./string/../sysdeps/x86_64/multiarch/memset-vec-unaligned-erms.S
fn=(574) __memset_avx2_unaligned_erms
181 1
+1 3
+5 1
+1 1
+1 1
+1 1
+69 1
+1 1
+88 1
+1 1
+1 1
+1 480001
+1 1
+1 2

fl=(171) ./libio/./libio/filedoalloc.c
fn=(592) _IO_file_doallocate
78 18
+6 8
fi=(181) ./libio/./libio/libioP.h
940 6
+2 4
+1 4
fe=(171)
84 6
cfi=(170) ./libio/./libio/fileops.c
cfn=(594) _IO_file_stat
calls=2 1146 
* 36
* 4
+2 8
+11 8
+4 4
cob=(2) ???
cfi=(51) ???
cfn=(600) 0x0000000004874380
calls=2 0 
* 374
* 2
+1 4
+2 8
cfi=(169) ./libio/./libio/genops.c
cfn=(602) _IO_setb
calls=2 329 
* 48
+1 2
+1 16

fl=(127) ./string/../sysdeps/x86_64/multiarch/rawmemchr.c
fn=(406) rawmemchr
31 1
fi=(123) ./string/../sysdeps/x86_64/multiarch/ifunc-evex.h
+4 5
-1 2
+2 3
+5 2
-3 2
+9 3
+3 4
fe=(127)
-19 1

fl=(170)
fn=(588) _IO_file_underflow@@GLIBC_2.2.5
461 12254
+4 36762
-4 98032
+7 24508
+6 36762
+3 24508
+12 24506
+9 24508
fi=(181)
940 12254
+2 12254
-2 12254
fe=(170)
505 24508
cfi=(169)
cfn=(604) _IO_switch_to_get_mode
calls=12254 164 
* 306350
+6 12254
+5 12254
-5 12254
fi=(181)
942 24508
fe=(170)
511 12254
fi=(181)
942 12254
fe=(170)
511 36762
fi=(181)
943 24508
fe=(170)
516 49016
cfn=(606) _IO_file_read
calls=12254 1130 
* 171556
+2 24508
+16 12253
-9 12253
+9 24506
+2 24506
+1 98024
-6 1
-10 5
+11 1
-11 2
+16 8
-57 3
+5 2
cfi=(169)
cfn=(590) _IO_doallocbuf
calls=1 343 
* 306
+4 4

fn=(792) _IO_file_setbuf@@GLIBC_2.2.5
381 6
+1 2
cfi=(169)
cfn=(794) _IO_default_setbuf
calls=2 +70 
* 138
* 4
+3 2
+4 4
-2 6
+3 4

fn=(638) _IO_do_write@@GLIBC_2.2.5
423 1200
+2 3600
+1 1
-3 1199
fi=(181)
940 1199
fe=(170)
423 2398
fi=(181)
940 1199
fe=(170)
423 1199
fi=(181)
940 2398
fe=(170)
423 5995
+20 1199
-10 2398
+7 4796
fi=(181)
942 2398
+1 2398
fe=(170)
448 4796
cfn=(668) _IO_file_write@@GLIBC_2.2.5
calls=1199 1173 
* 55154
* 1199
+1 5995
+2 1199
+4 2398
-3 2398
-1 2398
+4 3597
-2 1199
-28 4796
+1 9592
+28 3597

fn=(594)
1146 2
+1 4
cfi=(172) ./io/../sysdeps/unix/sysv/linux/fstat64.c
cfn=(596) fstat
calls=2 29 
* 30

fn=(606)
1130 12254
+1 12254
+2 12254
-1 12254
+1 24508
cfi=(174) ./io/../sysdeps/unix/sysv/linux/read.c
cfn=(608) read
calls=12254 25 
* 98032

fn=(668)
1173 8393
+2 7194
+5 1199
cfi=(183) ./io/../sysdeps/unix/sysv/linux/write.c
cfn=(670) write
calls=1199 25 
* 10791
+1 2398
+5 1199
+1 1199
-12 2398
+4 3597
+1 2398
+10 3597
+3 7194
-4 3597

fn=(796) _IO_file_sync@@GLIBC_2.2.5
792 10
+5 8
+2 2
+1 4
+11 4
+4 8

fn=(636) _IO_file_overflow@@GLIBC_2.2.5
731 6000
+1 4800
+7 5998
+37 1199
-2 2400
+3 244
+3 366
+1 366
+1 244
+4 122
+1 488
-45 2
+12 2
+9 3
+5 3
+2 2
-3 2
+3 1
+1 1
-6 1
+1 1
+5 4
+16 1078
-12 1078
+1 1078
+11 2156
-12 1078
cfn=(638)
calls=1078 423 
* 118475
+3 366
+2 244
-2 366
cfn=(638)
calls=122 423 
* 13420
* 244
-34 2
cfi=(169)
cfn=(590)
calls=1 343 
* 306
+1 1
+9 1
-9 5

fn=(634) _IO_file_xsputn@@GLIBC_2.2.5
1197 2703960
+7 540792
-7 1622376
+6 2161156
+9 1079572
-2 2159144
+17 1619358
+1 539639
+3 1618917
+2 539639
+2 539639
+2 1079278
-2 539639
+1 539639
+1 539639
-2 539639
cob=(2)
cfi=(51)
cfn=(648) 0x00000000048743e0
calls=539639 0 
* 9179449
* 539639
+4 1079278
+28 4867128
-36 147
+12 147
fi=(181)
940 441
+2 294
+1 294
fe=(170)
1243 930
fi=(181)
940 2790
+2 1860
+1 1860
fe=(170)
1243 3231
cfn=(636)
calls=1077 731 
* 143470
* 2154
+6 2154
+1 7539
+2 2154
+11 3231
+1 4308
cfi=(169)
cfn=(640) _IO_default_xsputn
calls=1077 371 
* 80045
+2 3231

fl=(186) ./stdio-common/./stdio-common/vfprintf-internal.c
fn=(702) __vfprintf_internal
1180 11748
+30 4895
+8 2937
+4 4895
+11 1958
+11 979
fi=(200) ./stdio-common/./stdio-common/printf-parse.h
111 1958
fe=(186)
1244 4895
fi=(200)
111 979
cob=(2)
cfi=(51)
cfn=(704) 0x00000000048744d0
calls=979 0 
* 20559
fe=(186)
1259 979
fi=(200)
111 979
fe=(186)
1259 2937
239 979
fi=(201) ./stdio-common/../libio/libioP.h
940 979
fe=(186)
1263 979
fi=(201)
942 979
-2 979
fe=(186)
1263 979
fi=(201)
940 1958
+2 1958
+1 1958
fe=(186)
239 3916
cfi=(170)
cfn=(634)
calls=979 1197 
* 19580
* 1958
127 8811
1263 1958
+4 2937
+4 7832
1532 979
1214 979
+34 979
-8 979
1532 2937
+23 979
-39 979
+39 979
-39 979
+39 1958
1313 14685
+39 979
-51 979
-1 979
-1 979
-1 979
+5 979
1501 979
fi=(200)
88 979
fe=(186)
1352 979
-46 979
-4 979
+50 979
1501 979
1295 979
-1 979
-1 979
-1 979
-1 979
+16 1958
1608 1958
+1 1958
+3 11748
-4 8811
1218 1958
+41 3916
cfi=(168) ./nptl/./nptl/libc-cleanup.c
cfn=(582) __libc_cleanup_push_defer
calls=979 24 
* 9790
+1 12727
-1 1958
1609 1958
cfi=(168)
cfn=(612) __libc_cleanup_pop_restore
calls=979 39 
* 7832
+2 979
-95 12727
cfi=(188)
cfn=(708)
calls=979 163 
* 134472
* 30349
192 1958
+47 979
fi=(201)
942 2937
+1 1958
fe=(186)
239 3916
cfi=(170)
cfn=(634)
calls=979 1197 
* 62134
* 1958
127 12727
1517 1958
-54 979
+53 1958
+73 979
fi=(200)
111 979
fe=(186)
1583 979
fi=(200)
111 1958
cob=(2)
cfi=(51)
cfn=(704)
calls=979 0 
* 20559
fe=(186)
239 979
fi=(201)
942 979
fe=(186)
1593 979
fi=(200)
111 979
fi=(201)
942 979
fe=(186)
1593 979
fi=(201)
942 979
+1 1958
fe=(186)
239 3916
cfi=(170)
cfn=(634)
calls=979 1197 
* 63372
* 1958
127 12727
1593 1958
+2 2937
-79 19580
192 1958
1392 1958
1516 19580

fl=(117) ./string/../sysdeps/x86_64/multiarch/strlen.c
fn=(378) strlen
29 1
fi=(83) ./string/../sysdeps/x86_64/multiarch/ifunc-avx2.h
+4 5
-1 2
+2 3
+2 2
+4 3
+3 4
fe=(117)
-14 1

fl=(99) ./string/../sysdeps/x86_64/multiarch/stpncpy.c
fn=(334) stpncpy
31 1
fi=(100) ./string/../sysdeps/x86_64/multiarch/ifunc-strcpy.h
+5 2
+1 1
-1 2
+1 2
+2 2
+4 3
+3 3
fe=(99)
-15 1

fl=(147) ./misc/./misc/init-misc.c
fn=(498) __init_misc
30 1
+1 2
-1 4
+1 3
+2 3
cob=(2)
cfi=(51)
cfn=(500) 0x00000000048745f0
calls=1 -33 
* 36
+4 5
+1 3
+2 4

fl=(154)
fn=(534)
28 1
+2 1
+2 1
cfi=(155) ./setjmp/../sysdeps/x86_64/setjmp.S
cfn=(536) __sigsetjmp
calls=1 -2 
* 31

fl=(146) ./csu/./csu/init-first.c
fn=(496) _init_first
46 4
+5 2
+4 5
+8 1
-2 1
+10 1
-9 1
+1 1
+9 2
-1 1
cfi=(147)
cfn=(498)
calls=1 -41 
* 61

fl=(159)
fn=(548)
313 1
fi=(158)
3162 3
fe=(159)
313 5
+5 1
fi=(158)
3162 2
cfi=(160) ./stdlib/../sysdeps/unix/sysv/linux/getrandom.c
cfn=(550) getrandom
calls=1 28 
* 9
* 2
fe=(159)
343 2
+4 3
fi=(158)
1966 4
+3 1
-3 1
+3 2
-3 2
+3 126
-3 126
+3 252
-3 252
fe=(159)
352 3
fi=(158)
1977 1
+1 1
+2 1
fe=(159)
352 1
cob=(2)
cfi=(51)
cfn=(450) 0x0000000004874650
calls=1 0 
* 23
+1 4
cob=(2)
cfi=(51)
cfn=(450)
calls=1 0 
* 22
+1 4
cob=(2)
cfi=(51)
cfn=(450)
calls=1 0 
* 23
+1 4
cob=(2)
cfi=(51)
cfn=(450)
calls=1 0 
* 23
+1 4
cob=(2)
cfi=(51)
cfn=(450)
calls=1 0 
* 22
+1 4
cob=(2)
cfi=(51)
cfn=(450)
calls=1 0 
* 23
+1 4
cob=(2)
cfi=(51)
cfn=(450)
calls=1 0 
* 23
+2 4
cob=(2)
cfi=(51)
cfn=(450)
calls=1 0 
* 23
+1 4
cob=(2)
cfi=(51)
cfn=(450)
calls=1 0 
* 23
+1 4
cob=(2)
cfi=(51)
cfn=(450)
calls=1 0 
* 23
+3 4
cob=(2)
cfi=(51)
cfn=(450)
calls=1 0 
* 23
+1 4
cob=(2)
cfi=(51)
cfn=(450)
calls=1 0 
* 23
+1 2
+63 7

fl=(126) ./string/../sysdeps/x86_64/multiarch/strncase.c
fn=(404) strncasecmp
31 1
fi=(199)
+1 5
fe=(126)
-1 1

fl=(136) ./elf/./elf/libc_early_init.c
fn=(440) __libc_early_init
33 7
+2 1
cfi=(137)
cfn=(442)
calls=1 -6 
* 17
+3 1
fi=(139) ./elf/../sysdeps/nptl/pthread_early_init.h
-5 2
fe=(136)
+8 1
-3 1
fi=(139)
-5 1
cfi=(138) ./resource/../sysdeps/unix/sysv/linux/getrlimit64.c
cfn=(444) getrlimit
calls=1 +5 
* 10
* 3
+1 6
+11 1
fi=(202) ./elf/../nptl/nptl-stack.h
+13 3
fi=(139)
-13 1
fi=(202)
+13 2
fi=(139)
-4 1
fi=(202)
+4 2
fi=(139)
-6 1
fi=(202)
+6 1
fi=(139)
-12 1
+6 6
+1 1
+4 1
cfi=(140) ./nptl/./nptl/pthread_mutex_conf.c
cfn=(448) __pthread_tunables_init
calls=1 -7 
* 884
fe=(136)
-10 3
+2 2
-2 1
cfi=(143) ./nptl/../sysdeps/unix/sysv/linux/x86/elision-conf.c
cfn=(462) __lll_elision_init
calls=1 +49 
* 147

fl=(101) ./wcsmbs/../sysdeps/x86_64/multiarch/wmemchr.c
fn=(338) wmemchr
31 2
fi=(102) ./wcsmbs/../sysdeps/x86_64/multiarch/ifunc-evex.h
+4 10
-1 4
+2 6
+5 4
-3 4
+9 6
+3 8
fe=(101)
-19 2

fl=(166) ./stdio-common/./stdio-common/isoc99_scanf.c
fn=(578) __isoc99_scanf
25 67003859
+4 5154143
+1 10308286
-1 10308286
+1 5154143
-1 5154143
+1 5154143
-1 5154143
+1 5154143
-1 5154143
+1 5154143
cfi=(167) ./stdio-common/./stdio-common/vfscanf-internal.c
cfn=(580) __vfscanf_internal
calls=5154143 278 
* 4638210445
+4 25770715

fl=(90) ./wcsmbs/../sysdeps/x86_64/multiarch/wcslen.c
fn=(308) wcslen
29 1
fi=(87)
+5 4
-1 2
+2 3
+2 2
+4 3
+3 3
fe=(90)
-15 1

fl=(105) ./string/../sysdeps/x86_64/multiarch/strcspn.c
fn=(346) strcspn
29 1
fi=(203) ./string/../sysdeps/x86_64/multiarch/ifunc-sse4_2.h
+1 5
fe=(105)
-1 1

fl=(124) ./string/../sysdeps/x86_64/multiarch/strspn.c
fn=(398) strspn
29 1
fi=(203)
+1 5
fe=(124)
-1 1

fl=(184)
fn=(684)
117 5
+5 1

fl=(148) ./string/../sysdeps/x86_64/multiarch/strrchr-avx2.S
fn=(502) __strrchr_avx2
46 1
+1 1
+1 1
+2 1
+1 1
+3 1
+1 1
+1 1
+33 1
+1 1
+1 1
+1 1
+1 1
+1 1
+1 1
+1 1
+1 1
+1 1
+3 1
+1 1
+9 1
+1 1
+98 1
+1 1
+8 1
+1 1
+1 1
+1 1
+1 1
+2 1
+1 1
+1 1
+1 2

fl=(118) ./string/../sysdeps/x86_64/multiarch/strncpy.c
fn=(382) strncpy
29 1
fi=(100)
+7 2
+1 1
-1 2
+1 2
+2 2
+4 3
+3 3
fe=(118)
-17 1

fl=(151) ./csu/../csu/libc-start.c
fn=(510) __libc_start_main@@GLIBC_2.34
242 12
343 3
+1 3
cfi=(152) ./stdlib/./stdlib/cxa_atexit.c
cfn=(512) __cxa_atexit
calls=1 69 
* 71
+25 6
+6 2
-3 2
+10 2
cob=(2)
cfi=(51)
cfn=(526) 0x00000000048746d0
calls=1 0 
* 836
+2 2
+8 4
cfi=(153)
cfn=(532)
calls=1 29 
* 104333257094
128 2
+6 3
+1 6
cob=(2)
cfi=(51)
cfn=(516) 0x0000000000109000
calls=1 0 
* 7
* 1
+3 1
+1 2
+3 2
+1 2
-1 1
+2 7
+1 4
cob=(5)
cfi=(150) ???
cfn=(520) 0x00000000000017b0
calls=1 0 
* 12
-1 4

fl=(195) ./stdlib/./stdlib/cxa_finalize.c
fn=(744) __cxa_finalize
30 4
+3 4
-3 14
+3 8
+3 6
+4 12
-4 6
+58 8
+4 12
-4 6
+11 4
+1 4
cfi=(196) ./posix/./posix/register-atfork.c
cfn=(746) __unregister_atfork
calls=2 -30 
* 32
+1 8
+1 16

fl=(84) ./string/../sysdeps/x86_64/multiarch/strpbrk.c
fn=(296) strpbrk
29 1
fi=(203)
+1 5
fe=(84)
-1 1

fl=(106) ./wcsmbs/../sysdeps/x86_64/multiarch/wcscpy.c
fn=(348) wcscpy
43 1
-6 5
+6 1

fl=(180) ./string/../sysdeps/x86_64/multiarch/strlen-avx2.S
fn=(632) __strlen_avx2
50 537855
+13 537855
+1 537855
+1 537855
+3 537855
+2 537855
+1 537855
+3 537855
+1 537855
+8 537855
+1 537855
+1 537855
+5 1075710

fl=(143)
fn=(462)
96 2
+5 1
-5 1
+5 1
-5 3
+5 3
cob=(2)
cfi=(51)
cfn=(450)
calls=1 0 
* 22
+2 4
cob=(2)
cfi=(51)
cfn=(450)
calls=1 0 
* 22
+2 4
cob=(2)
cfi=(51)
cfn=(450)
calls=1 0 
* 22
+2 4
cob=(2)
cfi=(51)
cfn=(450)
calls=1 0 
* 22
+2 4
cob=(2)
cfi=(51)
cfn=(450)
calls=1 0 
* 22
+4 3
+1 1
+1 6

fl=(140)
fn=(448)
50 2
+1 2
-1 4
+1 3
cob=(2)
cfi=(51)
cfn=(450)
calls=1 -51 
* 840
+2 4
cob=(2)
cfi=(51)
cfn=(450)
calls=1 -53 
* 23
+2 6

fl=(119) ./wcsmbs/../sysdeps/x86_64/multiarch/wmemcmp.c
fn=(386) wmemcmp
29 1
fi=(120) ./wcsmbs/../sysdeps/x86_64/multiarch/ifunc-memcmp.h
+5 2
+1 1
-1 2
+1 2
+1 2
+1 3
+2 2
+4 3
+3 3
fe=(119)
-17 1

fl=(162) ./misc/./misc/sbrk.c
fn=(564) sbrk
37 2922
+6 1461
-6 1461
+3 1461
-3 2922
+3 1461
+3 1461
+20 2
+15 300
-20 2922
+1 2
cfi=(163) ./misc/../sysdeps/unix/sysv/linux/brk.c
cfn=(566) brk
calls=1 -24 
* 9
* 2
+4 1
-1 2922
+4 5836
+8 1459
cfi=(163)
cfn=(566)
calls=1459 -39 
* 15933
* 2918
-14 1401
+18 7005

fl=(93) ./wcsmbs/../sysdeps/x86_64/multiarch/wcschr.c
fn=(316) wcschr
31 2
fi=(94)
+2 10
-1 4
+2 6
+2 4
+4 6
+3 8
fe=(93)
-12 2

fl=(179) ./libio/./libio/ioputs.c
fn=(628) puts
33 4302840
+2 537855
cob=(2)
cfi=(51)
cfn=(630) 0x0000000004874490
calls=537855 -35 
* 8605680
+1 537855
-1 537855
+1 6454260
+3 537855
-3 537855
+3 537855
-3 537855
+3 1075710
-1 1075708
+1 1
+1 1
fi=(181)
940 3
+2 2
+1 2
fe=(179)
40 537854
fi=(181)
940 1613562
+2 1075708
+1 1075708
fe=(179)
40 1613565
cfi=(170)
cfn=(634)
calls=537855 1197 
* 34142714
* 1075710
+1 3764619
+1 2150932
fi=(181)
883 1075466
fe=(179)
42 488
fi=(181)
883 244
+1 5378550
fe=(179)
46 3764985
-5 244
cfi=(169)
cfn=(672) __overflow
calls=122 199 
* 20740
* 244

fl=(88) ./string/../sysdeps/x86_64/multiarch/memset.c
fn=(304) memset
29 2
fi=(89) ./string/../sysdeps/x86_64/multiarch/ifunc-memset.h
+21 10
+3 6
+7 4
+9 4
+2 4
+10 4
+8 4
+2 10
fe=(88)

fl=(96) ./string/../sysdeps/x86_64/multiarch/strrchr.c
fn=(322) rindex
28 1
fi=(83)
+5 5
-1 2
+2 3
+2 2
+4 3
+3 4
fe=(96)
-15 1

fl=(109) ./string/../sysdeps/x86_64/multiarch/memcmp.c
fn=(356) bcmp
29 1
fi=(110) ./string/../sysdeps/x86_64/multiarch/ifunc-memcmp.h
+5 2
+1 1
-1 2
+1 2
+1 2
+1 3
+2 2
+4 3
+3 3
fe=(109)
-17 1

fl=(121) ./string/../sysdeps/x86_64/multiarch/stpcpy.c
fn=(390) stpcpy
33 1
fi=(100)
+3 2
+1 1
-1 2
+1 2
+2 2
+4 3
+3 3
fe=(121)
-13 1

fl=(169)
fn=(584) __uflow
299 61270
+1 36762
+5 36762
+3 12254
173 12254
308 24508
+2 24508
+6 24508
+7 12254
fi=(181)
940 36762
+2 24508
+1 24508
fe=(169)
323 12254
+1 12254
-1 12254
+1 24508
-1 12254
cfn=(586) _IO_default_uflow
calls=12254 +38 
* 1519808
-23 24508
+21 36762

fn=(786) _IO_flush_all_lockp
686 12
+5 6
cfi=(168)
cfn=(582)
calls=1 24 
* 10
+1 9
+3 1
-8 1
+5 2
+3 2
fi=(181)
940 4
fe=(169)
706 1
fi=(181)
942 2
+1 2
fe=(169)
706 3
cfi=(170)
cfn=(636)
calls=1 +25 
* 133
+1 3
+2 6
+2 3
-16 9
+2 3
+1 6
+3 20
+14 9
+1 2
cfi=(168)
cfn=(612)
calls=1 39 
* 8
+4 12

fn=(794)
452 4
fi=(181)
940 2
fe=(169)
452 4
fi=(181)
940 2
fe=(169)
452 2
fi=(181)
940 2
fe=(169)
452 8
+1 2
fi=(181)
942 4
+1 4
fe=(169)
453 4
cfi=(170)
cfn=(796)
calls=2 792 
* 36
* 4
+4 2
330 2
462 2
-7 4
332 4
+5 2
-5 2
+5 2
467 2
332 2
466 8
+2 12
-11 2
+1 4
-1 2
330 8

fn=(640)
371 1077
+3 2154
-3 8616
fi=(181)
940 1077
fe=(169)
371 1077
fi=(181)
940 1077
fe=(169)
371 1077
fi=(181)
940 1077
fe=(169)
371 2154
+18 2154
+8 1077
+2 2154
-20 4308
+2 3231
+3 2154
+20 1077
-29 1077
+29 7539
-11 8938
+1 36
-1 36
+1 12
-1 12
+1 6
-1 6
+1 6
-1 6
+1 2
-1 2
+1 4952
-1 2458
+1 1832
-1 2748
+1 5568
-1 9268

fn=(672)
199 366
+2 366
+2 122
fi=(181)
940 366
+2 244
+1 244
fe=(169)
203 122
+1 244
-1 122
cfi=(170)
cfn=(636)
calls=122 731 
* 18544

fn=(602)
329 18
+1 8
+5 4
-3 2
+3 8
+3 8

fn=(604)
164 61270
+1 36762
+3 36762
+4 24508
+1 24508
+7 12254
-4 12254
+4 12254
-2 24508
+3 12254
+1 49016

fn=(784) _IO_cleanup
863 2
+3 1
-3 9
-77 1
+80 1
cfn=(786)
calls=1 686 
* 269
-80 2
+80 1
-80 3
cfi=(168)
cfn=(582)
calls=1 24 
* 10
+1 9
+3 1
-3 2
+3 2
fi=(181)
940 4
fe=(169)
838 3
-48 9
+9 9
+2 6
+6 26
+8 10
+9 2
fi=(181)
942 4
+1 4
fe=(169)
824 8
cfi=(170)
cfn=(792)
calls=2 381 
* 166
+2 6
+4 10
+1 16
+11 9
+1 2
cfi=(168)
cfn=(612)
calls=1 39 
* 8
+35 12
-59 2
-2 2
+3 2
-3 2
+2 6

fn=(590)
343 2
+1 4
-1 6
+3 8
+1 2
fi=(181)
940 6
+2 4
+1 4
fe=(169)
347 4
cfi=(171)
cfn=(592)
calls=2 78 
* 560
* 4
+3 8

fn=(586)
361 24508
fi=(181)
940 24508
fe=(169)
361 12254
fi=(181)
940 12254
fe=(169)
361 24508
+1 12254
fi=(181)
942 24508
+1 24508
fe=(169)
362 24508
cfi=(170)
cfn=(588)
calls=12254 +99 
* 1213462
+1 24508
+2 49012
+1 49016

fn=(610) _IO_sputbackc
635 51541720
+3 30925032
+1 20616688
+9 10308344
+3 41233376
-10 20616688
+1 10308344
+5 10308344

fl=(95) ./string/../sysdeps/x86_64/multiarch/strchr.c
fn=(320) index
61 1
-20 2
+1 1
-1 2
-1 2
+2 2
+2 2
+4 3
+3 3
+10 1

fl=(115) ./string/../sysdeps/x86_64/multiarch/strcpy.c
fn=(372) strcpy
29 1
fi=(100)
+7 2
+1 1
-1 2
+1 2
+2 2
+4 3
+3 3
fe=(115)
-17 1

fl=(168)
fn=(582)
24 5155124
+3 10310248
+3 20620496
+1 5155124
+2 5155124
+1 5155124

fn=(612)
39 5155124
+3 10310248
+2 10310248
+1 10310248
+2 5155124

fl=(183)
fn=(670)
25 1199
+1 8393
+1 1199

fl=(122) ./string/../sysdeps/x86_64/multiarch/memchr.c
fn=(394) memchr
29 1
fi=(123)
+6 5
-1 2
+2 3
+5 2
-3 2
+9 3
+3 4
fe=(122)
-21 1

fl=(155)
fn=(536)
30 1
+2 1
+9 1
+1 2
+1 1
+4 1
+1 1
+1 1
+1 1
+1 1
+2 2
+2 1
+1 1
+1 1
+2 2
+2 1
+5 1
+1 1
+17 1
cfi=(156)
cfn=(538)
calls=1 -56 
* 9

fl=(138)
fn=(444)
38 2
+1 7
+1 1

fl=(97) ./string/../sysdeps/x86_64/multiarch/memmove.c
fn=(326) memmove
29 2
fi=(92) ./string/../sysdeps/x86_64/multiarch/ifunc-memmove.h
+24 6
-1 4
+4 6
+14 4
+2 4
+8 4
+8 4
+2 10
fe=(97)

fl=(82) ./string/../sysdeps/x86_64/multiarch/strnlen.c
fn=(292) strnlen
31 2
fi=(83)
+2 10
-1 4
+2 6
+2 4
+4 6
+3 8
fe=(82)
-12 2

fl=(111) ./wcsmbs/../sysdeps/x86_64/multiarch/wmemset.c
fn=(360) wmemset
31 2
fi=(112) ./wcsmbs/../sysdeps/x86_64/multiarch/ifunc-wmemset.h
+2 10
+1 6
+2 4
+8 6
+3 8
fe=(111)
-16 2

fl=(116) ./string/../sysdeps/x86_64/multiarch/strcasecmp_l.c
fn=(376) strcasecmp_l
31 1
fi=(199)
+1 5
fe=(116)
-1 1

fl=(189) ./libio/./libio/putchar.c
fn=(712) putchar
25 189
+2 351
+1 27
-1 54
+1 108
+3 162
-3 81
fi=(181)
883 54
+1 270
fe=(189)

fl=(193) ./nptl/./nptl/pthread_mutex_lock.c
fn=(732) pthread_mutex_lock@@GLIBC_2.2.5
77 1
+3 3
+2 1
+2 2
-7 2
+11 2
+79 1
+3 1
+2 1
+3 1
+2 1
+1 3
-81 2
+11 4
+4 1
+3 2
-71 1
+1 8
+1 1
+84 3
+1 2

fl=(91) ./string/../sysdeps/x86_64/multiarch/memcpy.c
fn=(312) memcpy@@GLIBC_2.14
29 1
fi=(92)
+24 3
-1 2
+4 3
+14 2
+2 2
+8 2
+8 2
+2 5
fe=(91)

fl=(163)
fn=(566)
35 1460
+1 5840
+1 2920
+6 59
+1 59
-5 2802
+1 2802

fl=(173) ./io/../sysdeps/unix/sysv/linux/fstatat64.c
fn=(598) fstatat
153 4
-55 4
+70 6
+1 2

fl=(172)
fn=(596)
29 4
+1 4
+5 6
cfi=(173)
cfn=(598)
calls=2 153 
* 16

fl=(185) ./debug/./debug/printf_chk.c
fn=(700) __printf_chk
25 10769
+7 979
-4 1958
+4 1958
-4 979
+5 979
-1 979
+1 979
-5 979
+4 979
+1 979
-1 979
+1 979
cfi=(186)
cfn=(702)
calls=979 1180 
* 667242
+4 4895

fl=(103) ./string/../sysdeps/x86_64/multiarch/strncmp.c
fn=(342) strncmp
66 1
-25 4
+1 3
+2 2
+5 3
+3 3
+14 1

fl=(113) ./string/../sysdeps/x86_64/multiarch/memrchr.c
fn=(364) memrchr
29 1
fi=(83)
+4 5
-1 2
+2 3
+2 2
+4 3
+3 4
fe=(113)
-14 1

fl=(125) ./string/../sysdeps/x86_64/multiarch/mempcpy.c
fn=(400) mempcpy
33 1
fi=(92)
+20 3
-1 2
+4 3
+14 2
+2 2
+8 2
+8 2
+2 5
fe=(125)

fl=(160)
fn=(550)
28 1
+1 7
+1 1

fl=(152)
fn=(512)
69 9
-28 2
+2 6
+1 2
cfn=(514) __new_exitfn
calls=1 +38 
* 32
+2 2
+10 1
+2 1
-5 3
+3 1
-1 1
+4 2
+1 1
-1 2
+12 6

fn=(514)
82 1
+6 2
-6 4
+11 4
-10 2
+12 4
-2 1
+10 1
-10 3
+45 1
+5 1
-4 1
+4 4
-18 1
-1 1
+1 1

fl=(176) ./stdlib/../stdlib/strtol.c
fn=(618) __strtol_internal
97 4547204
+1 13641612
cfi=(177)
cfn=(620)
calls=4547204 225 
* 1082055701

fl=(114) ./string/../sysdeps/x86_64/multiarch/strchrnul.c
fn=(368) strchrnul
31 1
fi=(83)
+2 5
-1 2
+2 3
+2 2
+4 3
+3 4
fe=(114)
-12 1

fl=(85) ./string/../sysdeps/x86_64/multiarch/strcmp.c
fn=(298) strcmp
65 1
-24 2
+1 1
-1 2
+1 2
+2 2
+5 3
+3 3
+13 1

fl=(107) ./string/../sysdeps/x86_64/multiarch/strcat.c
fn=(350) strcat
29 1
fi=(100)
+7 2
+1 1
-1 2
+1 2
+2 2
+4 3
+3 3
fe=(107)
-17 1

fl=(174)
fn=(608)
25 12254
+1 73524
+1 12254

fl=(167)
fn=(580)
278 67003859
+10 25770715
+1 5154143
fi=(175) ./stdio-common/../include/scratch_buffer.h
78 5154143
fe=(167)
289 5154143
fi=(175)
77 10308286
fe=(167)
339 5154143
fi=(175)
77 5154143
fe=(167)
339 20616572
+6 15462430
+3 20616572
+4 10308286
+13 5154143
-6 5154143
+8 10308286
-8 5154143
+8 5154143
+5 5154143
-5 5154143
+5 30924858
cfi=(168)
cfn=(582)
calls=5154143 24 
* 51541430
* 15462429
+9 5154143
-4 5154143
+4 15462429
570 5154143
284 5154143
-1 5154143
+10 5154143
-11 5154143
570 10308286
2429 20616572
328 10308286
+4 5154143
-5 5154143
-1 5154143
-1 5154143
-12 5154143
2180 5154143
2429 5154143
2180 25770715
418 10308406
+24 10308406
+1 10308406
+3 150
-65 20616808
3015 25770710
222 10308346
+1 10308346
-1 5154173
488 5154173
222 5154173
488 10308346
222 5154173
488 10308346
345 10308284
+3 2
+24 56695573
482 5154173
+22 20616692
+25 5154173
-4 20616692
+7 51541730
+80 10308346
+5 5154173
-1 10308346
+1 10308346
+1 15462429
+3 15462519
+1 41233384
+6 61846143
+3 20614072
-3 10307036
+3 41230760
-3 1308
+3 5232
-3 20616690
+3 6
+1 36079211
+1 25770862
+4 10308344
-4 10308344
cfi=(169)
cfn=(610)
calls=5154172 +2 
* 97929268
+4 41233376
-9 2618
cfi=(169)
cfn=(584)
calls=1309 299 
* 212370
* 2622
3025 67003859
cfi=(168)
cfn=(612)
calls=5154143 39 
* 41233144
fi=(175)
85 15462429
fe=(167)
3029 10308286
+17 10308284
+6 61849716
442 30
+6 60
618 13641522
3031 3
637 11
1398 45472040
+5 13641612
+9 27294592
+3 22736
260 5684
1415 5684
260 17052
+3 17052
1418 39776
+2 17043
-2 3
+2 28429
+11 5684
1733 11368
1431 11368
1733 9094408
+9 4547204
fi=(175)
113 18188816
fe=(167)
1742 9094408
fi=(175)
113 13641612
fe=(167)
1740 236131878
260 74163422
1797 37081711
260 74163422
+3 111245133
1799 148326844
+2 333699559
-68 74145502
+68 8960
-68 17920
+2 83257830
+2 22736020
+67 9094408
206 4547204
1811 9094408
214 9094408
1812 9094408
+28 27283224
cfi=(169)
cfn=(610)
calls=4547204 635 
* 86396876
260 13641612
+3 13641612
1844 9094408
1669 4547204
206 4547204
1862 9094408
1669 9094408
1861 13641612
+1 4547204
cfi=(176)
cfn=(618)
calls=4547204 97 
* 1100244517
* 4547204
+6 13641612
+3 22736020
+6 4547204
-4 9094408
+4 9094408
+23 9094408
1390 4547204
-1 4547204
+2 4547204
1742 22736020
+59 17920
cfi=(169)
cfn=(584)
calls=8960 299 
* 1451520
* 26880
1435 18171764
+3 18188816
637 606968
1017 3034845
+2 3034845
+2 4855746
+10 1213936
-10 606968
+10 1820904
+71 606968
-81 4248776
+81 606968
-81 1820904
1144 63539758
1031 15882462
1144 7941231
1031 15886426
1144 1982
1031 3964
1144 7336245
-45 15886426
+3 7943213
-1 15886426
+1 15886426
-1 15886426
+43 7928
cfi=(169)
cfn=(584)
calls=1982 299 
* 321084
* 9910
2943 1213936
+40 1820904
+2 1213936
+8 1213936
-10 606968
+8 1213936
1418 6
cfi=(169)
cfn=(584)
calls=3 299 
* 486
* 9
1813 11368
+1 11368
+65 9094408
+17 45472040
2048 3034840
1033 1820904
cfi=(169)
cfn=(610)
calls=606968 635 
* 11532392
+1 606968
1881 9094408
+1 13641612
1023 6
-2 3
+1 1
-3 8497566

fl=(190)
fn=(726) __run_exit_handlers
40 11
+5 2
+3 5
+50 1
-42 1
+2 3
+8 6
+2 1
+3 1
-3 1
+3 6
+34 1
+1 1
+1 1
-2 1
+7 1
-3 2
+3 3
+1 3
cob=(1) /usr/lib/x86_64-linux-gnu/ld-linux-x86-64.so.2
cfi=(192) ./elf/./elf/dl-fini.c
cfn=(730) _dl_fini
calls=1 -82 
* 897
+1 4
+10 2
+1 2
-63 1
+69 4
+2 2
+1 6
cfi=(169)
cfn=(784)
calls=1 863 
* 641
* 3
+2 2
cfi=(198)
cfn=(798)
calls=1 27 
* 5
-90 1
cfi=(191)
cfn=(728)
calls=1 149 
* 12
* 1

fn=(724)
142 3
+1 3
-1 1
+1 1
cfn=(726)
calls=1 40 
* 1634

fl=(196)
fn=(746)
76 4
+1 2
-1 2
+1 6
fi=(197) ./posix/../malloc/dynarray-skeleton.c
243 2
fe=(196)
65 4
+38 8
+1 4

fl=(164)
fn=(570)
47 2806
+3 2806

ob=(1)
fl=(16) ./elf/../sysdeps/x86/cpu-features.c
fn=(40) update_active.constprop.0
43 7
+45 1
-41 1
+28 1
-18 1
+31 1
+4 1
-36 1
-1 1
+37 1
-26 1
-11 1
+1 1
+36 2
+1 1
-17 1
-21 1
+25 1
-4 1
-11 1
+28 1
-1 1
-36 1
+18 1
+19 1
-13 1
-4 1
-11 1
+19 1
+11 1
-3 1
-12 1
+14 1
-29 1
+18 1
+9 1
-18 1
+13 1
-13 1
-9 1
+29 2
+3 1
-14 1
-9 1
+9 1
+4 1
+10 1
-17 1
+7 1
+5 1
+5 1
+1 1

ob=(5)
fl=(150)
fn=(752) 0x0000000000001700
0 5

fn=(508) (below main)
0 12
cob=(3)
cfi=(151)
cfn=(510)
calls=1 242 
0 104333258091

fn=(520)
0 12

fn=(736) 0x0000000000001770
0 9
cob=(2)
cfi=(51)
cfn=(742) 0x00000000001090b0
calls=1 0 
0 74
0 1
cfn=(752)
calls=1 0 
0 5
0 3

fl=(157)
fn=(656) rb_delete_fixup
296 12782
+1 12782
-1 25564
+1 26250
+30 7068
+6 17670
+2 1597
-2 3194

ob=(1)
fl=(16)
fn=(40)
97 1
+1 2
+2 2
+1 4
+3 1
+1 1
-1 1
+1 1
-1 1
+1 1
-1 1
+1 1
+4 2
+4 2
+2 4
+83 3
+12 2
+1 1
+3 3
+4 1
-4 1
+4 1
+67 3
+4 3

ob=(5)
fl=(157)
fn=(656)
334 1199
-37 23065
+3 20667
+1 3355
+1 6710
+6 16775
+2 1515
-2 3030
171 1781
319 3562
+1 1781
+1 1781
173 3562
+1 3562
319 1954
+1 977
+1 977
173 1954
+1 1954
+1 922
+2 1844
+1 1844
-1 3672
+1 3672
+3 5516
+4 1358
+2 1358
+1 1358
+1 1358
-2 1400
+1 1400
+1 1400
+4 492
328 492
+1 492
193 492
+1 984
+1 492
+2 984
+1 984
+3 984
+4 218
+2 218
+1 218
331 654
207 274
+1 274
331 822
173 510
303 510
+1 510
173 510
+1 1020
+1 510
+2 1020
+1 1020
+3 1020
+4 300
+2 300
+1 300
306 900

ob=(1)
fl=(16)
fn=(40)
fi=(18) ./elf/../sysdeps/x86/get-isa-level.h
31 1
-3 1
+3 1
-1 2
fe=(16)
296 1
+1 8
-75 3
+1 2
+3 1
-1 1
+9 1
-5 1
+2 1
-2 1
+5 1
fi=(18)
32 3
+4 3
fe=(16)
+83 2
+2 1
+3 2
+10 1
+10 1
-10 1
+10 1
-10 1
+6 1
+4 1
-4 1
-6 1
+6 1
+2 1
-2 1
+2 3
+7 4
fi=(18)
39 3
+1 4
+5 1
-7 1
+7 3
+2 1
+1 2
+1 3
+2 4
+1 2
+1 2
+6 1
-4 1
+4 1
-3 2
fe=(16)
+75 1
-5 2
+4 1

fn=(34) init_cpu_features.constprop.0
399 1
+16 1
-16 6
+3 1
+1 1
+1 1
+11 2
+3 2

ob=(5)
fl=(157)
fn=(656)
187 210
+1 210
306 630
-8 14184
-96 548
338 3874
-3 882
192 882
344 1764
+1 882
+1 882
193 1764
+1 1764
-2 995
344 1990
+1 995
+1 995
193 1990
+1 1990
344 2110
+1 1055
+1 1055
193 2110
+1 2110
+1 946
+2 1892
+1 1892
-1 3972
+1 3972
+3 5864
+4 1577
+2 1577
+1 1577
350 1577
207 1355
+1 1355
350 1355
182 420
+20 2710
313 3680
-3 1726
+29 1055
+1 1055
173 2110
+1 2110
+1 25
+2 50
+1 50
-1 2060
+1 2060
+3 2110
+6 1055
+1 1055
342 2110
+4 3165
-32 977
+1 977
193 1954
+1 1954
+1 27
+2 54
+1 54
-1 1900
+1 1900
+3 1954
+4 977
+2 977
+1 977
317 1954
+4 2931
182 4910

fn=(678) graph_search
406 30
-3 60
+5 30
-5 210
+5 120
+4 12
+1 108
-5 48
+1 84
+7 60

fn=(694) print_list_backwards
120 12
+1 24
-1 84
fi=(178) /usr/include/x86_64-linux-gnu/bits/stdio2.h
-8 1408
cob=(2)
cfi=(51)
cfn=(698) 0x0000000000109120
calls=352 0 
* 251799
fe=(157)
+16 352
-7 704
+1 364
+1 364
-1 364
fi=(178)
-10 48
cob=(2)
cfi=(51)
cfn=(698)
calls=12 0 
* 7904
fe=(157)
+16 12
-7 24
+9 12
fi=(178)
-18 12
fe=(157)
+18 24
fi=(178)
-18 12
cob=(2)
cfi=(51)
cfn=(710) 0x00000000001090d0
calls=12 0 
* 600
fe=(157)

fn=(654) rb_delete
352 28040
+1 28040
133 84120
+7 226228
-7 226228
+4 141154
+3 141154
-7 282308
362 56080
+9 93657
145 91112
383 11651
-2 11651
+2 11651
+1 34953
-3 14382
+2 14382
+1 43146
+16 30516
-36 4014
+19 2007
+1 6021
+3 56080
+4 13198
+2 56080
+1 23302
+2 56080
+1 25564
cfn=(656)
calls=12782 296 
* 379539
+3 25564
-37 1146
+4 244
+4 366
-7 43597
+7 451
+17 29684

fn=(674) insertion_sort
96 30
+1 60
+1 60
+2 30
-2 30
+6 90
-7 90
+1 1093377
+3 1545964166
-1 12369170276
+4 1457836
-7 728948

fn=(540)
633 985
+1 2
+12 1
+3 1
-16 3
+1 2
cob=(2)
cfi=(51)
cfn=(542) 0x0000000000109110
calls=1 0 
* 1804
+1 1
-1 2
+1 1
cob=(2)
cfi=(51)
cfn=(542)
calls=1 0 
* 292
+2 2
-2 2
+8 1
-6 1
cob=(2)
cfi=(51)
cfn=(572) 0x0000000000109100
calls=1 0 
* 480019
* 1
+4 4
cob=(2)
cfi=(51)
cfn=(576) 0x0000000000109130
calls=1 0 
* 1262
* 2427872
cob=(2)
cfi=(51)
cfn=(576)
calls=606968 0 
* 432513397
* 1213938
+2 1213936
+3 374394
+3 1052316
+3 649880
+3 414816
+2 150
cob=(2)
cfi=(51)
cfn=(576)
calls=30 0 
* 53740
+3 60
cob=(2)
cfi=(51)
cfn=(542)
calls=30 0 
* 15934
+3 60
-3 30
+3 60
+1 16
+3 16
-2 64
+3 4817682
+1 201033
+1 201033
-1 201033
+1 201033
-3 2880000
+6 16
+1 16
-1 16
+18 48
cfn=(674)
calls=16 96 
* 7955773426
* 42
cfn=(674)
calls=14 96 
* 5962641567
408 120
694 60
403 240
+5 120
694 728978
403 2915912
+5 1457956
+4 151310
+1 1361790
-5 605240
+1 1031658
693 364519
+2 364519
+1 364519
-3 729038
+6 30
+1 90
-1 60
+1 16
cfn=(676) BFS
calls=16 526 
* 32467695539
+1 32
cob=(2)
cfi=(51)
cfn=(542)
calls=16 0 
* 3024
+3 32
-2 16
+1 16
-2 16
+3 16
cfn=(678)
calls=16 406 
* 432
+1 92
+5 45
cfn=(692) list_insert_head
calls=15 51 
* 3165
* 1800
cfn=(692)
calls=600 51 
* 126600
+1 615
-2 1230
+4 105
cfn=(720) print_list
calls=15 108 
* 445992
+3 90
+2 30
+1 15
cob=(2)
cfi=(51)
cfn=(658) 0x00000000001090c0
calls=15 0 
* 1365
-1 1200
+1 600
cob=(2)
cfi=(51)
cfn=(658)
calls=600 0 
* 65280
-3 1257
+30 54
cob=(2)
cfi=(51)
cfn=(658)
calls=27 0 
* 3024
* 6
cob=(2)
cfi=(51)
cfn=(658)
calls=3 0 
* 273
+3 60
cob=(2)
cfi=(51)
cfn=(658)
calls=30 0 
* 72881
+3 30
643 1794392
+1 1259313
cfn=(616) update_graph
calls=419771 454 
* 1034589385
* 419771
+2 124116
+1 93087
cfn=(616)
calls=31029 454 
* 73517982
* 31029
757 12
650 172962
cfn=(616)
calls=57654 454 
* 4543394498
752 1075704
652 58796
+1 88194
cfn=(616)
calls=29398 454 
* 35520261
* 29398
+72 14
cfn=(686) BFS_backwards
calls=14 578 
* 51787812384
+1 28
cob=(2)
cfi=(51)
cfn=(542)
calls=14 0 
* 2646
+3 28
-2 14
+1 14
-2 14
+3 14
cfn=(678)
calls=14 406 
* 330
+1 76
+5 36
cfn=(692)
calls=12 51 
* 2532
* 1056
cfn=(692)
calls=352 51 
* 74272
+1 364
-2 728
+4 60
cfn=(694)
calls=12 120 
* 264123
+2 24
+1 60
+2 24
+1 12
cob=(2)
cfi=(51)
cfn=(658)
calls=12 0 
* 1092
-1 704
+1 352
cob=(2)
cfi=(51)
cfn=(658)
calls=352 0 
* 37888
-3 740
-64 14
+3 14
-2 56
+3 3879426
+1 163426
+1 163426
-1 163426
+1 163426
-3 2520000
+7 14
+1 14
-1 14
+1 14
fi=(178)
112 6
cob=(2)
cfi=(51)
cfn=(626) 0x00000000001090e0
calls=3 0 
* 465
fe=(157)
741 3

fn=(622) graph_insert
418 168597
+1 56199
-1 168597
+1 56199
cob=(2)
cfi=(51)
cfn=(542)
calls=56199 0 
* 10581498
+3 56199
-2 56199
-1 56199
+2 56199
+1 56199
cob=(2)
cfi=(51)
cfn=(542)
calls=56199 0 
* 8479556
+4 56199
-3 56199
-1 56199
+2 56199
+2 56199
cob=(2)
cfi=(51)
cfn=(542)
calls=56199 0 
* 10644421
-23 56199
+29 56199
-5 56199
-1 56199
-23 56199
+25 56199
-25 393393
+29 132921
+1 24709
+1 222381
-2 404540
+4 56199
+1 224796

fn=(676)
526 3856
408 16
526 48
+2 16
-2 32
+2 16
403 128
+5 64
+4 1
+1 9
-5 4
+1 34
529 16
+2 32
cob=(2)
cfi=(51)
cfn=(542)
calls=16 0 
* 6346
52 16
534 16
-3 16
52 16
cob=(2)
cfi=(51)
cfn=(542)
calls=16 -52 
* 3856
557 16
-11 16
54 16
+4 16
+1 16
+2 16
-8 16
557 16
-18 48
81 602685
+3 401790
+7 401724
+1 200862
542 401724
403 1606896
+5 803448
542 66
403 264
+5 132
+4 85851
+1 772659
-5 343404
+1 573492
546 401790
+1 401790
-2 401790
+5 10674689058
+1 286775808
+1 286775808
-1 286775808
-5 5337344529
+1 5337947214
+10 803580
+11 286927440
-12 860782320
+1 1434481755
403 2580982407
+5 1147103292
+4 135905838
+1 1223152542
-5 543623352
+1 845363322
559 573551646
+5 573600909
+7 401790
-32 602640
+37 176
-15 200879
-1 200879
52 602637
561 200879
52 200879
cob=(2)
cfi=(51)
cfn=(542)
calls=200879 -52 
* 38470649
+2 200879
-1 200879
+2 602637
-2 200879
+1 200879
+1 200879
+1 200862
+4 200862
564 200862
58 200862
+1 200862
+1 200879
564 17
58 17
+1 17
+1 17
+1 34
+25 33
+1 33
+1 33

fn=(644) tree_insert
260 23523408
+1 7841136
+1 256340
+3 512680
cob=(2)
cfi=(51)
cfn=(542)
calls=256340 0 
* 47919101
* 7328456
cob=(2)
cfi=(51)
cfn=(542)
calls=3664228 0 
* 693758463
+3 3920568
+1 3920568
-3 3920568
-1 3920568
+6 25901458
+2 18004123
+1 18004123
+3 36008246
-6 36008246
+2 3864369
+1 3864369
+3 7728738
-6 7728738
+9 3864369
+1 7728738
+3 7728738
+4 1932406
+2 1932406
+3 1932406
-2 1932406
+1 1932406
+2 5797218
-1 1932406
cfn=(646) rb_insert_fixup
calls=1932406 -82 
* 55406507
-3 1988162
+3 1988162
-2 1988162
+1 1988162
+2 5964486
-1 1988162
cfn=(646)
calls=1988162 -82 
* 55799280
-8 3863926
-5 56199
+2 112398

fn=(646)
211 7841136
+1 11817903
+27 3265130
+1 912301
+1 912301
+1 912301
-30 3478609
+4 1654007
+1 3308014
-1 3864369
+1 7728738
+1 13058192
+1 1631983
+1 3263966
+1 913007
+1 913007
+20 913007
-30 1826014
+1 455000
+45 2253828
-84 720264
+72 1440528
+5 720264
-80 720264
+81 720264
-79 1440528
+1 1440528
+1 170416
+2 340832
+1 340832
-1 1099696
+1 1099696
+3 1347274
+4 343848
+2 343848
+1 343848
+70 343848
-71 376416
+1 376416
+70 376416
-79 93254
-5 718976
+53 1437952
+5 718976
+1 718976
-40 1437952
+1 1437952
+1 170204
+2 340408
+1 340408
-1 1097544
+1 1097544
+3 1344994
+4 328853
+2 328853
+1 328853
+1 328853
-2 390123
+1 390123
+1 390123
-16 720214
+1 720214
+1 84820
+2 169640
+1 169640
-1 275287
+1 550574
+3 720214
+4 360107
+2 360107
+1 360107
+44 1080321
-50 687288
-20 659578
+17 92958
-26 718140
+1 718140
+1 84727
+2 169454
+1 169454
+3 169454
+6 359070
+1 359070
+45 359070
-41 1077210
-15 274343
+1 548686
+4 718140

fn=(686)
578 3374
408 14
578 42
+2 14
-2 28
+2 14
403 112
+5 56
+4 3
+1 27
-5 12
+1 34
581 14
+2 28
cob=(2)
cfi=(51)
cfn=(542)
calls=14 0 
* 5445
+3 14
52 14
583 14
52 14
cob=(2)
cfi=(51)
cfn=(542)
calls=14 -52 
* 2806
+1 14
-1 14
+2 14
+4 14
+1 14
+2 14
610 14
-12 14
+12 14
-19 42
81 447474
+3 298316
+7 298280
+1 149140
594 298280
403 1193120
+5 596560
594 36
403 144
+5 72
+4 59216
+1 532944
-5 236864
+1 416748
598 298316
+1 298316
-2 298316
+2 3631837245
403 10894169313
+5 4841853028
+4 530897679
+1 4778079111
-5 2123590716
+1 3482721872
603 8473242799
+1 243568586
+1 243568586
-1 243568586
-6 3631389771
+12 596632
+11 243705169
-12 731115507
+1 1218290428
403 2192117382
+5 974274392
+4 113079433
+1 1017714897
-5 452317732
+1 713296062
612 487137196
+5 487149771
+8 298316
-34 149146
+37 149146
-37 298292
+40 154
-18 152014
52 152014
614 608056
52 152014
cob=(2)
cfi=(51)
cfn=(542)
calls=152014 -52 
* 29008684
+2 152014
-1 152014
+2 456042
-2 152014
+1 152014
+1 152014
+1 151998
+4 151998
617 151998
58 151998
+1 151998
+1 152014
617 16
58 16
+1 16
+1 16
+1 32
+25 18
+1 18
+1 18

fn=(692)
51 4895
+1 979
-1 979
+1 979
cob=(2)
cfi=(51)
cfn=(542)
calls=979 -52 
* 185031
+2 979
-1 979
+1 979
+1 1958
+1 952
+4 952
-2 952
+1 952
+1 979
-2 27
+1 27
+1 27
+3 3808
-2 27
+2 108

fn=(720)
108 15
+1 30
-1 105
fi=(178)
+4 2400
cob=(2)
cfi=(51)
cfn=(698)
calls=600 0 
* 428832
fe=(157)
+4 600
-7 1200
+1 615
+1 615
-1 615
fi=(178)
+2 60
cob=(2)
cfi=(51)
cfn=(698)
calls=15 0 
* 10035
fe=(157)
+4 15
-7 30
+9 15
fi=(178)
-6 15
fe=(157)
+6 30
fi=(178)
-6 15
cob=(2)
cfi=(51)
cfn=(710)
calls=15 0 
* 750
fe=(157)

fn=(616)
454 2689260
+2 537852
-2 1075704
+2 537852
-2 2151408
+2 1075704
cob=(2)
cfi=(51)
cfn=(576)
calls=537852 0 
* 536914837
+3 1075704
+10 960396
+14 1803200
cob=(2)
cfi=(51)
cfn=(576)
calls=450800 0 
* 432998776
+3 901600
+14 839542
+24 4840668
-64 57654
-52 57654
+52 57654
-57 461232
+5 264458
+53 67684
cfn=(622)
calls=33842 -43 
* 19316850

ob=(3)
fl=(164)
fn=(570)
58 2806

ob=(5)
fl=(157)
fn=(616)
461 44714
cfn=(622)
calls=22357 -43 
* 13196340
+22 224796
cob=(2)
cfi=(51)
cfn=(576)
calls=56199 0 
* 36544688
+30 56199
408 56199
513 56199
403 449592
+5 224796
+4 24709
+1 222381
-5 98836
+1 161816
515 320142
+1 151545
-1 50515
+1 50515
cob=(2)
cfi=(51)
cfn=(576)
calls=50515 0 
* 48531179
* 10355334
-1 3451778
+1 3451778
cob=(2)
cfi=(51)
cfn=(576)
calls=3451778 0 
* 3315585142
+2 10506879
cfn=(644)
calls=3502293 260 
* 1003049529
-3 7055101
412 61036
+1 549324
-5 244144
+1 124982
fi=(178)
112 5902
cob=(2)
cfi=(51)
cfn=(626)
calls=2951 0 
* 459207
fe=(157)
509 2951
fi=(178)
112 2951
fe=(157)
501 419771
-93 419771
+93 419771
-98 3358168
+5 1679976
+4 196322
+1 1766898
-5 785288
+1 1229194
+94 1254825
cfn=(644)
calls=418275 260 
* 118741842
fi=(178)
112 948948
cob=(2)
cfi=(51)
cfn=(626)
calls=474474 0 
* 73788421
fe=(157)
509 474474
fi=(178)
112 474474
fe=(157)
487 31029
-79 31029
+79 31029
-84 248232
+5 125032
+4 9034
+1 81306
-5 36136
+1 77078
+80 88515
133 88515
+7 365316
-7 543168
490 28040
cfn=(654)
calls=28040 352 
* 2293390
* 28040
+1 28040
cob=(2)
cfi=(51)
cfn=(658)
calls=28040 0 
* 2551699
fi=(178)
112 56080
cob=(2)
cfi=(51)
cfn=(626)
calls=28040 0 
* 4360940
fe=(157)
493 56080
-23 29398
-29 29398
+29 29398
-67 235184
+38 118435

ob=(3)
fl=(164)
fn=(570)
58 2806
+2 1403

fl=(80) ./string/../sysdeps/x86/cacheinfo.c
fn=(288) __x86_cacheinfo
86 1
fi=(81) ./string/../sysdeps/x86/cacheinfo.h
-25 1
+3 3
+2 1
+1 1
-1 2
+7 3
+2 1
+1 1
-1 2
+5 2
+2 2
+1 2
+1 2
+2 2
fe=(80)
* 2

fl=(149) ./libio/./libio/vtables.c
fn=(504) check_stdfiles_vtables
83 1
+1 4
+1 3
+1 3
+2 1

fl=(108) ./string/../sysdeps/x86_64/multiarch/strncase_l.c
fn=(354) strncasecmp_l
31 1
fi=(199)
+1 5
fe=(108)
-1 1

fl=(161)
fn=(562)
25 1461
+1 2922
-1 1461
+4 1461
cfi=(162)
cfn=(564)
calls=1461 +8 
* 53861

ob=(5)
fl=(157)
fn=(616)
448 8049
+1 72441
-8 32196
+1 72108
+2 28005
fi=(178)
112 28005
fe=(157)
445 28005
fi=(178)
112 28005
cob=(2)
cfi=(51)
cfn=(626)
calls=28005 0 
* 4353697
fe=(157)
479 28005
fi=(178)
112 33983
cob=(2)
cfi=(51)
cfn=(626)
calls=2989 0 
* 466180
fe=(157)
497 5978
fi=(178)
112 2786
cob=(2)
cfi=(51)
cfn=(626)
calls=1393 0 
* 217325
fe=(157)
479 1393
fi=(178)
112 1393
fe=(157)

ob=(3)
fl=(161)
fn=(562)
30 2922
+4 120
-7 1401
+7 2802

ob=(4) /usr/libexec/valgrind/vgpreload_core-amd64-linux.so
fl=(145) ???
fn=(490) 0x00000000000012f0
0 5

fn=(764) 0x00000000000010e0
0 11
cob=(2)
cfi=(51)
cfn=(770) 0x000000000483f040
calls=1 0 
0 74
0 10
cfn=(776) 0x0000000000001070
calls=1 0 
0 5
0 5

fn=(776)
0 5

fn=(482) 0x0000000000001170
0 12

ob=(1)
fl=(16)
fn=(34)
418 4
593 1
+94 5
+1 1
+3 2
+1 1
+6 1
+3 1
fi=(19) ./elf/../sysdeps/x86/dl-cacheinfo.h
+5 1
+2 1
fe=(16)
-9 1
fi=(19)
+23 2
840 1
+34 1
-34 17
+33 2
+25 2
+21 2
-21 2
+13 3
+8 1
-8 1
+8 1
cfi=(10) ./elf/./elf/dl-tunables.c
cfn=(24) __tunable_get_val
calls=1 402 
* 21
* 1
+2 2
+3 4
cfi=(10)
cfn=(24)
calls=1 402 
* 21
* 1
+5 2
-3 2
+3 2
cfi=(10)
cfn=(24)
calls=1 402 
* 21
* 1
+2 2
+3 4
cfi=(10)
cfn=(24)
calls=1 402 
* 21
* 1
+1 2
+22 1
-16 4
+3 3
-3 1
cfi=(10)
cfn=(24)
calls=1 402 
* 21
+3 3
-3 2
+3 10
cfi=(10)
cfn=(54) __GI___tunable_set_val
calls=1 157 
* 58
+1 8
cfi=(10)
cfn=(54)
calls=1 157 
* 58
+1 9
cfi=(10)
cfn=(54)
calls=1 157 
* 58
+2 8
cfi=(10)
cfn=(54)
calls=1 157 
* 58
+2 9
cfi=(10)
cfn=(54)
calls=1 157 
* 58
+4 2
fe=(16)
706 1
fi=(19)
954 2
fe=(16)
706 2
fi=(19)
954 4
fe=(16)
706 1
cfi=(10)
cfn=(24)
calls=1 402 
* 19
+4 3
+14 1
-1 2
+1 3
+47 1
-1 1
+1 1
+46 4
cfi=(10)
cfn=(24)
calls=1 402 
* 19
+2 4
cfi=(10)
cfn=(24)
calls=1 402 
* 19
fi=(21) ./elf/../sysdeps/unix/sysv/linux/x86/cpu-features.c
27 6
fe=(16)
829 2
+45 8
fi=(19)
+7 11
fe=(16)
775 3
+27 2
-10 2
+1 2
+2 3
+1 2
+2 3
+1 2
fi=(19)
-75 3
cfn=(46) handle_intel.constprop.0
calls=1 255 
* 437
+1 1
-1 2
+1 1
cfn=(46)
calls=1 255 
* 478
+1 1
-1 1
+1 1
cfn=(46)
calls=1 255 
* 503
+3 1
-3 2
+3 1
cfn=(46)
calls=1 255 
* 459
+2 1
-2 1
+2 1
cfn=(46)
calls=1 255 
* 451
+3 1
-2 1
-1 1
+3 1
cfn=(46)
calls=1 255 
* 428
+2 1
-2 1
+2 1
cfn=(46)
calls=1 255 
* 429
+3 1
-2 1
-1 1
+3 1
cfn=(46)
calls=1 255 
* 469
+2 1
-2 1
+2 1
cfn=(46)
calls=1 255 
* 470
+3 1
-3 1
+3 1
cfn=(46)
calls=1 255 
* 494
+2 1
-2 1
+2 1
cfn=(46)
calls=1 255 
* 495
+2 1
-2 1
+2 1
cfn=(46)
calls=1 255 
* 790
+2 3
-2 1
+2 1
cfn=(52) get_common_cache_info.constprop.0
calls=1 481 
* 215
863 11
fe=(16)
424 6
cfn=(36) get_common_indices.constprop.0
calls=1 -99 
* 71
303 3
+1 2
+1 6
+5 2
+1 6
+5 2
+1 6
429 1
cfn=(40)
calls=1 43 
* 194
+2 1
+2 1
+83 1
-85 2
564 2
+7 2
+2 1
+4 2
+6 2
422 2
-3 1
+14 3
+1 4
+69 1
+10 11
+42 1
+1 1
434 11
+55 3

fn=(36)
325 1
+4 4
+3 3
+5 2
-5 1
+5 1
-5 1
+4 1
+1 1
+1 4
+1 4
+1 3
+1 2
+7 2
+2 5
+5 1
-5 1
+5 1
-5 1
+5 1
-5 2
+5 1
+7 1
-7 4
+7 1
+1 3
+6 1
-6 4
+6 1
fi=(17) ./elf/../sysdeps/unix/sysv/linux/x86/dl-minsigstacksize.h
24 2
+3 2
+1 2
+37 3
+7 1
+2 1
fe=(16)
384 2

fl=(39) ./elf/../sysdeps/x86_64/dl-hwcaps-subdirs.c
fn=(110) _dl_hwcaps_subdirs_active
29 1
fi=(18)
+2 1
fe=(39)
+7 1
fi=(18)
-7 2
-1 2
fe=(39)
+22 1
fi=(18)
-20 3
+4 1
fe=(39)
+2 1
fi=(18)
-2 2
+3 4
+1 4
+5 1
fe=(39)
-7 1
fi=(18)
+7 3
fe=(39)
-2 1
fi=(18)
+5 2
+1 3
+2 4
+1 2
+1 2
+6 1
fe=(39)
-11 1
fi=(18)
+11 1
-3 2
fe=(39)

fl=(59) ./io/../sysdeps/unix/sysv/linux/fstatat64.c
fn=(192) fstatat
153 26
-55 26
+70 30
+1 4
-2 18
+1 18

fl=(14) ./elf/../sysdeps/unix/sysv/linux/brk.c
fn=(28) brk
35 1
+1 3
+1 2
+6 1
+1 1

fl=(50) ./string/../sysdeps/x86_64/strcspn.S
fn=(158) strcspn
25 1
+2 1
+7 1
+1 1
+2 1
+1 1
+1 1
+1 1
+1 33
+3 3
+7 1
+1 1
+1 1
+1 1
+2 1
+1 1
+1 1
+1 1
+2 1
+1 1
+1 1
+9 3
+12 1
+2 1
+1 1
+1 1
-4 12
+2 12
+1 12
+1 12
+2 13
+1 13
+1 13
+2 13
+1 13
+1 13
+2 13
+1 13
+1 13
+2 1
+1 1
+1 1
+2 1
+7 1
+4 1

fl=(7) ./elf/./elf/dl-minimal.c
fn=(428) lookup_malloc_symbol
61 8
+3 4
-3 16
+3 4
-3 4
+3 8
-1 4
+1 12
cfi=(78) ./elf/./elf/dl-lookup.c
cfn=(278) _dl_lookup_symbol_x
calls=4 840 
* 2104
+4 28
+1 28
+2 4
fi=(132) ./elf/./dl-sym-post.h
-30 8
+12 12
fe=(7)
+19 20

fn=(12) __rtld_malloc_init_stubs
42 1
+1 2
+1 2
+1 2
+1 2
+1 1

fn=(136) strsep
239 2
+3 4
+2 2
+1 4
+4 33
+7 84
-2 56
+13 1
+4 4
-22 14
+15 14
-15 30

fn=(424) __rtld_malloc_init_real
76 2
+10 1
fi=(131) ./elf/../sysdeps/generic/dl-hash.h
-41 1
fe=(7)
+31 1
fi=(131)
-32 1
fe=(7)
+32 5
+11 1
-1 1
fi=(131)
-43 1
+5 3
+14 4
-17 3
+3 15
+14 20
-17 15
fe=(7)
+46 2
fi=(131)
-24 1
fe=(7)
+22 1
+2 2
fi=(131)
-19 1
fe=(7)
+19 1
cfn=(428)
calls=1 -30 
* 575
+1 3
-1 1
+1 1
cfn=(428)
calls=1 -31 
* 575
+1 3
-1 1
+1 1
cfn=(428)
calls=1 -32 
* 561
+1 3
-1 1
+1 1
cfn=(428)
calls=1 -33 
* 553
+5 1
+1 1
+1 1
+1 1
+1 7

fl=(128) ./misc/../sysdeps/unix/syscall-template.S
fn=(470) munmap
117 5
+5 1

fn=(410) mprotect
117 20
+5 4

fl=(71) ./io/../sysdeps/unix/sysv/linux/pread64_nocancel.c
fn=(232) __pread64_nocancel
25 8
+1 16
+1 4

fl=(22) ./string/../sysdeps/x86_64/multiarch/strlen-vec.S
fn=(60) strlen
41 16
+44 16
+1 16
+1 16
+1 16
+1 16
+1 16
+1 16
+2 16
+2 16
+31 16
+1 16
+1 16
+1 16
+1 16
+1 10
+2 10
+4 6
+1 6
+1 6
+1 6
+1 6
+1 6
+1 6
+1 6
+1 6
+1 6
+1 6
+1 6
+5 48

fl=(46) ./elf/./elf/dl-debug.c
fn=(152) _dl_debug_state
116 2
+1 2

fn=(146) _dl_debug_initialize
56 1
+3 2
+4 1
-6 1
+4 1
+2 2
+22 2
+5 2
+1 1
+1 1
-1 1
-1 1
+5 2
+4 2
+8 2
-43 2
+32 6

fn=(186) _dl_debug_update
38 3
+3 3
-1 6
+4 6
+4 3

fl=(66) ./elf/./elf/dl-deps.c
fn=(210) _dl_map_object_deps
159 5
+1 3
-1 1
+1 1
-1 2
+1 1
-1 3
+1 1
-1 4
+1 12
-8 1
-7 1
+15 1
-14 1
+6 1
+8 1
-15 1
+7 1
-8 1
+1 1
+7 1
-7 1
+31 3
-28 3
-2 1
+31 1
-33 2
+2 2
+30 2
-30 1
-1 4
+7 4
+24 2
-32 1
+60 1
-60 2
+36 1
fi=(73) ./elf/../include/scratch_buffer.h
77 3
fe=(66)
198 1
fi=(73)
78 1
fe=(66)
200 2
+98 1
198 1
+4 1
+7 1
+4 4
-4 3
+4 12
+11 12
-18 2
+18 4
433 12
+2 2
+3 2
-3 4
+3 2
fi=(28) ./elf/../include/rtld-malloc.h
56 2
cfi=(27) ./elf/./elf/dl-minimal-malloc.c
cfn=(76) __minimal_malloc
calls=2 -21 
* 50
* 2
fe=(66)
439 4
+6 2
+1 10
cfi=(29) ./string/../sysdeps/x86_64/multiarch/memmove-vec-unaligned-erms.S
cfn=(80) memcpy
calls=2 212 
* 22
+1 10
cfi=(29)
cfn=(80)
calls=2 212 
* 22
+4 2
-1 2
+5 16
204 9
458 9
-1 4
+1 8
199 3
+27 10
+5 2
+6 2
-5 2
-1 2
+2 4
+4 8
-31 2
+31 2
+1 6
+6 8
cfi=(31) ./elf/./elf/dl-load.c
cfn=(212) _dl_dst_count
calls=2 -6 
* 108
* 6
+4 4
-2 2
+2 4
cob=(2)
cfi=(51)
cfn=(164) 0x0000000004002050
calls=2 0 
* 6347
+1 4
+9 2
+2 4
+5 10
+6 2
+2 2
-8 4
+3 2
+1 2
+1 2
+1 2
+4 10
+4 6
+1 3
-43 200
+1 96
+44 144
-38 4
fi=(73)
85 3
fe=(66)
464 6
+1 1
+3 4
+11 3
fi=(28)
56 1
cfi=(27)
cfn=(76)
calls=1 -21 
* 25
* 1
fe=(66)
481 2
+5 3
+1 1
-1 2
+4 2
-2 1
+2 1
-2 2
+11 3
+5 3
-14 9
-2 3
+4 3
+7 3
-2 6
-5 1
+7 1
-2 2
+2 2
+5 1
-14 6
+17 2
+52 3
+37 3
+15 1
-11 1
+11 1
-14 2
+20 1
-1 3
+1 3
-1 5
cfi=(12) ./elf/./elf/dl-sort-maps.c
cfn=(244) _dl_sort_maps
calls=1 288 
* 260
+5 1
+3 1
-1 1
+2 2
+7 3
+3 3
+3 8
214 25
+3 2
fi=(73)
-86 6
cfi=(72) ./malloc/./malloc/scratch_buffer_set_array_size.c
cfn=(238) __libc_scratch_buffer_set_array_size
calls=2 30 
* 40
fe=(66)
+86 4
+4 6
611 2
cfi=(29)
cfn=(80)
calls=1 212 
* 11
* 1
-53 2
160 2
380 6

fn=(214) openaux
61 6
+7 2
-4 4
+1 2
-1 16
cfi=(31)
cfn=(172) _dl_map_object
calls=2 2022 
* 6189
* 2
+5 4

fl=(23) ./elf/../misc/sbrk.c
fn=(62) sbrk
37 5
+3 1
+18 2
+4 2
+16 5

fl=(27)
fn=(76)
35 120
+1 24
+11 24
-11 48
+11 48
+3 24
-3 24
+3 136
+18 24
+1 24
+2 96
-16 8
+1 4
+2 2
+1 14
cfi=(60) ./misc/../sysdeps/unix/sysv/linux/mmap64.c
cfn=(194) mmap
calls=2 -12 
* 18
* 2
+2 4
+2 4
+2 2
+4 2
-4 4
-23 1
-1 1
+1 1
+1 2
-2 2

fn=(72) __minimal_calloc
78 8
+4 8
-4 32
+7 8
+1 24
fi=(28)
-30 8
cfi=(27)
cfn=(76)
calls=8 -21 
* 235
fe=(27)

fn=(144) __minimal_free
95 3
+2 12

fl=(47) ./elf/../elf/dl-tls.c
fn=(260) _dl_determine_tlsoffset
221 8
+6 3
+3 2
+36 3
+2 1
-2 1
-2 1
-40 1
-1 1
-1 1
+46 2
+23 3
+3 1
-3 4
+2 2
-2 1
-25 1
+20 1
-20 5
+2 2
+3 1
-1 1
+5 2
-5 1
+1 1
-1 1
+3 2
+2 3
+32 3
-1 1
+1 4
+2 2
-2 2
+53 8

fn=(258) _dl_tls_static_surplus_init
97 2
+4 1
-4 2
+4 1
-4 2
+4 3
cfi=(10)
cfn=(24)
calls=1 402 
* 21
* 1
+1 4
cfi=(10)
cfn=(24)
calls=1 402 
* 21
* 1
+8 1
-8 1
+6 2
+2 3
+3 1
+2 1
-32 3
+34 3
+1 5

fn=(412) _dl_add_to_slotinfo
1015 8
+6 1
+3 1
+1 1
+4 3
+34 2
+3 3
+1 3
+3 6

fn=(236) _dl_assign_tls_modid
131 2
+3 1
+13 1
-13 1
+52 1
+2 1
+3 1
+1 2

fn=(414) _dl_allocate_tls_init
528 10
+1 2
+4 1
+6 1
-6 1
+6 1
cfi=(24) ./elf/../sysdeps/nptl/dl-tls_init_tp.c
cfn=(84) rtld_mutex_dummy
calls=1 42 
* 3
+3 3
+12 1
-18 1
-1 1
+43 3
-19 13
+9 3
+1 2
+6 3
+1 1
+2 2
-2 1
+6 1
-4 2
+4 1
-4 2
+3 2
+4 2
+1 4
+2 2
+1 2
+17 1
-8 1
+8 1
+2 3
cfi=(29)
cfn=(128) mempcpy
calls=1 199 
* 13
* 5
cfi=(44) ./string/../sysdeps/x86_64/multiarch/memset-vec-unaligned-erms.S
cfn=(132) memset
calls=1 125 
* 25
-49 1
+55 1
-55 4
+6 4
+55 2
cfi=(24)
cfn=(84)
calls=1 42 
* 3
+3 2
+3 9

fn=(148) _dl_count_modids
197 1
+2 2
+1 1
+15 2

fn=(262) _dl_allocate_tls_storage
422 2
+13 1
-13 2
+2 1
+12 1
fi=(28)
56 1
cfi=(27)
cfn=(76)
calls=1 -21 
* 53
fe=(47)
437 3
+8 2
fi=(28)
44 1
fe=(47)
445 2
+1 1
+4 321
+19 1
-99 1
+4 1
+1 1
fi=(28)
44 1
cfi=(27)
cfn=(72)
calls=1 +34 
* 36
fe=(47)
376 2
+3 1
+6 2
+90 5

fl=(67) ./io/../sysdeps/unix/sysv/linux/stat64.c
fn=(220) stat
28 20
+1 40
cfi=(59)
cfn=(192)
calls=10 153 
* 98

fl=(144) ./elf/./elf/dl-init.c
fn=(474) _dl_init
77 12
+1 1
+1 1
+3 3
+8 2
+25 1
+1 5
+1 2
-86 4
+86 6
-86 12
+2 20
cfn=(476) call_init.part.0
calls=3 -7 
* 199
+83 12
+7 8
-92 4
+2 6
cfn=(476)
calls=1 -7 
* 61
+52 2

fn=(476)
26 32
+13 4
-13 4
+16 4
-3 8
+3 8
+5 6
+8 9
+1 6
cob=(2)
cfi=(51)
cfn=(478) 0x000000000483f000
calls=1 -56 
* 26
+3 3
+1 6
+6 2
+2 2
-2 1
+3 7
+1 4
cob=(3)
cfi=(149)
cfn=(504)
calls=1 +13 
* 12
* 4
cob=(3)
cfi=(146)
cfn=(496)
calls=1 -24 
* 80
-1 6
+3 24
-29 2

fl=(26) ./elf/./elf/dl-object.c
fn=(70) _dl_new_object
59 42
+3 6
+18 2
+3 2
-3 2
+3 2
cfi=(22)
cfn=(60)
calls=2 -42 
* 52
+4 4
-4 4
+9 4
fi=(28)
-48 6
cfi=(27)
cfn=(72)
calls=2 +34 
* 100
fe=(26)
+48 1
fi=(28)
-48 3
cfi=(27)
cfn=(72)
calls=1 +34 
* 43
* 3
fe=(26)
+51 6
+5 3
-2 3
+6 3
-4 3
+4 3
-5 3
+4 3
+1 3
-1 3
+1 6
cfi=(29)
cfn=(80)
calls=3 212 
* 44
* 6
+2 3
+13 6
+6 1
+2 7
+3 2
-3 14
+3 4
+9 3
-7 3
+4 3
+3 15
+2 1
-2 3
+2 15
-2 45
+16 6
-5 3
+5 3
-6 3
+6 3
-6 3
+6 6
+2 4
+3 4
-3 4
+7 8
+4 4
+8 2
+3 2
+10 3
-10 4
+10 6
+2 2
+21 2
-21 2
cfi=(22)
cfn=(60)
calls=2 41 
* 70
* 6
+17 2
-13 6
+50 6
cfi=(29)
cfn=(128)
calls=2 -46 
* 34
* 2
+5 4
+1 4
-1 80
+1 80
+2 4
+3 2
+3 2
+4 27
131 8
-12 4
+34 1
+7 4
+8 8
fi=(28)
56 4
cfi=(27)
cfn=(76)
calls=2 -21 
* 50
* 2
fe=(26)
200 8
64 2
+2 3
+1 2
+10 5
-6 2

fn=(82) _dl_add_to_namespace_list
31 6
+2 3
-2 6
+2 3
-2 6
+2 3
cfi=(24)
cfn=(84)
calls=3 +9 
* 9
+2 23
+3 20
+2 2
+2 2
+4 2
+4 2
-4 4
+1 2
+4 2
-4 2
+1 2
+3 2
-3 2
+3 2
-1 2
cfi=(24)
cfn=(84)
calls=2 -8 
* 6
-4 1
+4 1
-4 2
+1 1
+4 1
-4 1
+1 1
+3 1
-3 1
+3 1
-1 1
cfi=(24)
cfn=(84)
calls=1 -8 
* 3
-5 2

fl=(44)
fn=(132)
125 7
+1 35
+6 7
+1 7
+1 7
+1 7
+2 1
+1 1
+1 1
+65 4
+1 4
+2 4
+76 6
+1 6
+5 6
+3 6
+1 6
+3 2
+1 2
+13 2
+1 2
+2 2
+3 1
+3 2
+3 1
+1 1
+1 1
+1 1
+1 1
+1 1
+1 1
-6 27
+1 27
+1 27
+1 27
+1 27
+1 27
+1 27
+3 2
+1 2
+1 2
+1 2
+5 2

fl=(9) ./elf/../elf/dl-sysdep.c
fn=(16) _dl_sysdep_start
85 4
+25 1
-25 6
+25 1
-1 1
+1 108
+11 1
-8 1
+1 1
-4 1
+3 1
+6 1
+2 13
-34 1
-1 1
+36 113
+3 1
+1 1
-5 85
+57 1
-57 1
+58 1
-1 1
-57 3
+29 1
-29 1
+30 1
-1 1
-29 3
+41 1
-41 1
+42 1
-1 1
-41 3
+35 1
-35 1
+36 1
-1 1
-35 3
+32 1
-32 1
+33 1
-1 1
-32 4
+13 1
-13 1
+14 1
-1 1
-13 3
+10 1
-10 1
+11 1
-1 1
-10 3
+7 1
-7 4
224 1
cfi=(10)
cfn=(18) __GI___tunables_init
calls=1 +55 
* 16296
+3 1
cfi=(12)
cfn=(22) _dl_sort_maps_init
calls=1 +52 
* 32
fi=(13) ./elf/../sysdeps/unix/sysv/linux/dl-sysdep.c
36 2
cfi=(14)
cfn=(28)
calls=1 -1 
* 8
fi=(6) ./elf/../sysdeps/x86_64/dl-machine.h
215 1
cfi=(15) ./elf/../sysdeps/x86/dl-get-cpu-features.c
cfn=(32) _dl_x86_init_cpu_features
calls=1 37 
* 7211
fe=(9)
+23 3
+1 1
cfi=(22)
cfn=(60)
calls=1 41 
* 17
* 1
+2 2
cfi=(23)
cfn=(62)
calls=1 37 
* 15
* 3
+12 3
+3 5
cfi=(2) ./elf/./elf/rtld.c
cfn=(64) dl_main
calls=1 1320 
* 107965
+2 9

fn=(464) _dl_sysdep_start_cleanup
262 1
+1 1

fl=(76) ./elf/../sysdeps/x86/dl-cet.c
fn=(268) _dl_cet_check
252 8
42 1
+9 1
-10 1
+4 1
-4 1
+3 1
+4 2
+1 2
-1 2
+14 2
254 8

fl=(41) ./elf/./elf/dl-hwcaps_split.c
fn=(116) _dl_hwcaps_split_masked
51 55
-25 42
+4 24
+4 48
+1 12
-1 24
+2 24
+5 27
cfi=(42) ./string/../sysdeps/x86_64/multiarch/../strchr.S
cfn=(118) index
calls=9 -18 
* 216
+1 18
+3 6
+11 12
+1 12
+1 6
-1 6
+1 6
-2 6
+1 6
+1 3
-1 3
+1 27
cfn=(120) _dl_hwcaps_contains
calls=6 +8 
* 30
* 12
-3 5
+7 44
-19 6
cfi=(22)
cfn=(60)
calls=3 -2 
* 51
* 3

fn=(122) _dl_hwcaps_split
25 4
+1 3
+21 1
-20 1
+20 3

fn=(120)
66 6
+1 12
+1 6
+9 6

fl=(68) ./elf/./elf/dl-cache.c
fn=(230) _dl_cache_libcmp
370 4
+1 4
+32 4
-33 8
+1 12
+2 27
+2 27
-2 54
+20 50
+2 50
-12 23
+2 23
+14 23
+1 23
-29 46
+32 6
-28 4
+8 2
-2 4
+1 4
-1 2
+2 6
+2 2
-3 2
+3 6
+2 4
+9 6

fn=(468) _dl_unload_cache
537 1
+1 4
-1 1
+3 2
cfi=(128)
cfn=(470)
calls=1 117 
* 6
+1 1
+4 1
+2 2

fn=(222) _dl_load_cache_lookup
416 10
+2 2
+3 3
+74 1
208 1
495 2
+3 3
fi=(70) ./elf/../sysdeps/x86/dl-procinfo.h
39 2
+3 3
cfi=(32) ./string/../sysdeps/x86_64/strcmp.S
cfn=(90) strcmp
calls=1 +66 
* 25
* 4
fe=(68)
212 6
cfi=(10)
cfn=(24)
calls=1 402 
* 21
* 1
+16 2
-16 1
+6 2
+10 1
-7 5
+9 3
+1 1
-37 2
+37 1
+4 2
-5 3
+1 1
-37 2
+37 1
+4 2
+4 6
cfn=(230)
calls=2 370 
* 206
+1 4
359 1
+1 1
228 5
+2 5
+20 4
+3 4
+2 8
cfn=(230)
calls=2 370 
* 220
* 4
+2 1
-9 4
-30 2
+1 1
+95 1
-95 1
-1 8
+96 3
-47 2
+10 2
+1 3
fi=(69) ./elf/../sysdeps/generic/dl-cache.h
125 5
fe=(68)
294 2
+9 2
+3 2
+2 3
+1 2
+5 2
+1 4
+7 2
+21 4
513 2
+12 2
cfi=(22)
cfn=(60)
calls=1 41 
* 35
* 12
+1 1
-1 1
+1 1
-1 1
+1 1
cfi=(29)
cfn=(80)
calls=1 212 
* 11
* 1
+1 1
cfi=(45) ./string/./string/strdup.c
cfn=(140) strdup
calls=1 40 
* 89
+1 8
-3 2
424 4
cfi=(54) ./elf/./elf/dl-misc.c
cfn=(224) _dl_sysdep_read_whole_file
calls=1 36 
* 91
* 1
+8 5
+1 8
+3 4
+1 1
-1 3
fi=(69)
194 1
+1 5
fe=(68)
444 1
+1 2

fl=(78)
fn=(280) do_lookup_x
363 784
+1 98
-1 490
+48 98
-30 196
-11 98
+41 98
-30 294
+30 98
fi=(79) ./elf/../sysdeps/generic/dl-protected.h
44 294
fe=(78)
381 98
fi=(79)
44 392
fe=(78)
395 933
+4 311
+4 311
-3 311
+3 1244
+1 933
+3 311
+1 622
+7 311
-3 622
-2 311
+5 1244
+3 2177
570 660
374 622
+3 622
+4 622
+4 622
+4 622
+88 182
fi=(4) ./elf/../sysdeps/generic/ldsodefs.h
137 182
+1 273
fe=(78)
528 182
fi=(79)
29 182
fe=(78)
535 708
+16 182
+1 91
+1 182
422 388
-1 194
+2 194
+2 1164
+13 408
-10 1135
+3 93
-1 186
+1 93
-1 93
+2 186
-1 1116
cfn=(282) check_match
calls=93 70 
* 8937
+4 279
+3 4
573 7
+1 784
-35 15
-70 12
171 42
452 728

fn=(278)
840 980
+10 98
-10 196
+10 98
-10 98
+10 98
204 98
840 98
204 490
581 392
-1 196
+2 98
-1 98
+1 294
-1 294
+1 1277
-1 1277
+1 3831
-1 3831
+2 98
846 98
-4 98
+1 98
+7 98
-8 98
+1 98
+7 365
+3 98
+2 196
-2 98
+6 196
-7 588
+7 35
+1 1372
cfn=(280)
calls=98 363 
* 34671
* 294
+28 98
-23 98
+23 98
-23 196
+24 530
+7 91
-7 91
+40 364
+79 182
-65 273
+3 273
-62 98
+69 882
-86 42
+18 21
+59 2

fn=(282)
70 93
+3 93
-3 1116
+3 368
+13 91
-13 91
+13 91
-13 91
+13 273
+3 294
cfi=(32)
cfn=(90)
calls=28 +19 
* 1446
* 56
+4 91
+1 182
+2 178
+19 178
+1 712
-38 91
+84 546
-18 4
+2 4
+1 2
-1 4
+1 6
-1 4
+16 12
-45 267
cfi=(32)
cfn=(90)
calls=89 -9 
* 2363
* 178
-44 8
+82 4

fl=(65) ./io/../sysdeps/unix/sysv/linux/access.c
fn=(208) access
25 1
+2 7
+4 1

fl=(55) ./io/../sysdeps/unix/sysv/linux/open64_nocancel.c
fn=(178) __open_nocancel
28 13
+3 13
-3 39
+3 78
+8 91
+2 3
-2 30
+2 10

fl=(42)
fn=(118)
23 15
+1 15
+1 15
+1 15
+1 15
+1 15
+1 15
+1 15
+1 15
+1 15
+1 15
+1 15
+1 15
+1 15
+1 15
+1 15
+1 15
+1 15
+1 13
+4 13
+1 13
+1 13
+1 13
+2 13
+4 2
+1 2
+1 2
+1 2
+1 2
+1 2
+1 2
+1 2
+1 2
+1 2
+1 2
+1 2
+1 2
+1 2
+1 2
+1 2
+1 2
+1 2
+1 2
+1 2
+1 2
+1 2
+1 2
+1 2
+52 2
+4 2
+1 2
+1 2
+1 2
+2 2

fl=(52) ./elf/./elf/dl-error-skeleton.c
fn=(248) _dl_receive_error
238 6
+1 1
+1 1
+3 1
+1 1
+2 1
cfi=(2)
cfn=(250) version_check_doit
calls=1 696 
* 3892
+2 1
+1 1
+1 4

fn=(162) _dl_catch_error
225 10
+2 2
cob=(2)
cfi=(51)
cfn=(164)
calls=1 0 
* 2759
+1 2
+1 1
+1 1
-1 1
+1 1
+2 5

fn=(166) _dl_catch_exception
175 9
+5 3
-5 9
+5 3
-2 6
+22 3
-1 3
+7 6
-6 3
+3 6
+3 3
cfi=(53) ./setjmp/../sysdeps/x86_64/setjmp.S
cfn=(168) __sigsetjmp
calls=3 30 
* 72
* 12
+2 9
cfi=(66)
cfn=(214)
calls=2 61 
* 6225
cfi=(2)
cfn=(170) map_doit
calls=1 663 
* 2698
+2 3
-1 3
+1 3
-1 3
+1 6
+9 12

fl=(12)
fn=(246) dfs_traversal.part.0
140 64
+8 8
-2 8
+2 16
+2 20
+3 20
-3 40
+9 16
+15 24
+1 8
+1 48
-17 12

fn=(22)
279 2
+1 4
cfi=(10)
cfn=(24)
calls=1 402 
* 20
+2 3
-1 1
+2 2

fn=(244)
288 20
+8 2
-8 2
+8 4
+4 16
-79 4
-37 2
+37 2
-36 8
+1 2
-1 2
+1 2
-1 4
+1 6
-1 6
+1 6
-1 12
+36 30
+8 6
-3 2
+2 2
+1 2
-8 2
+5 2
+3 8
+2 18
+2 8
-90 40
cfn=(246)
calls=8 -3 
* 284
+93 16
+18 4
+13 2
+33 2
-26 8
cfi=(29)
cfn=(80)
calls=2 -62 
* 22
* 2

fl=(24)
fn=(264) __tls_init_tp
68 2
fi=(204) ./elf/../include/list.h
-24 1
fe=(24)
+24 1
fi=(204)
-25 1
fe=(24)
+26 1
+3 1
fi=(204)
-29 1
+1 1
+1 1
+2 1
fe=(24)
+28 4
+1 2
+1 1
+5 2
+5 1
+6 1
-3 1
+3 1
-6 3
+6 1
+13 3
fi=(75) ./elf/../sysdeps/unix/sysv/linux/rseq-internal.h
-72 1
fe=(24)
+72 1
cfi=(10)
cfn=(24)
calls=1 402 
* 20
fi=(75)
-74 3
+2 6
+3 2
+3 1
fe=(24)
+83 3
+7 2
+2 1
+1 1
+1 3

fn=(66) __tls_pre_init_tp
53 3
+3 8
+5 1
-5 1
+5 1
+1 1
-6 1
+8 1

fn=(84)
42 8
+2 16

fl=(36) ./posix/../sysdeps/unix/syscall-template.S
fn=(102) uname
120 5
+2 1

fl=(133) ./elf/../sysdeps/nptl/dl-mutex.c
fn=(432) __rtld_mutex_init
30 2
+10 3
-10 1
+10 2
-10 1
+7 1
+3 2
cfi=(134) ./elf/./elf/dl-lookup-direct.c
cfn=(434) _dl_lookup_direct
calls=1 +34 
* 175
+4 2
+1 8
+2 3
-2 1
+2 3
cfi=(134)
cfn=(434)
calls=1 +27 
* 198
+4 2
+1 6
+1 2
-1 1
+1 2

fl=(15)
fn=(32)
37 1
+2 3
+2 1
cfi=(16)
cfn=(34)
calls=1 399 
* 7206

fn=(436) __x86_cpu_features
71 1
-32 3
+32 2

fl=(32)
fn=(90)
108 168
+33 168
+1 168
+2 168
+1 168
+21 168
+1 168
+1 146
+1 146
+1 127
+1 127
+1 127
+1 127
+21 127
+1 127
+1 127
+1 127
+1 127
+1 127
+1 127
+5 5
+1 15
+9 5
+1 5
+1 5
+1 5
+1 5
+1 5
+1 5
+1 5
-7 41
+1 41
+1 41
+1 41
+1 41
+1 41
+1 41
+1 41
+1 42
+1 24
+1 24
+1 24
+2 24
+1 24
+1 24
+1 24
+1 24
+1 24
-5 18
+1 18
+1 18
+1 18
+1 18
+1 18
+10 4
+1 4
+1 4
+2 4
+6 4
+1 4
+1 4
+1 4
+1 4
+5 4
+2 3
+1 3
+1 6
+8 3
+1 3
+3 3
+1 3
+1 3
+1 3
+1 3
+1 3
818 2
+1 2
+1 2
+1 2
+1 2
+2 2
+1 2
+1 2
+1 2
+1 2
+1 2
+1 2
+1 2
+4 2
+1 2
+1 2
+6 2
+1 2
+1 4
+4 2
+1 2
+3 2
+1 2
+1 2
+3 2
+1 2
+1 2
+6 2
+1 2
+1 2
+1 2
+1 2
+1 2
+72 2
+1 2
+1 2
+1 2
+1 2
+2 2
+1 2
+1 2
+1 2
+1 2
+1 2
+1 2
+1 1
+4 1
+1 1
+1 1
+6 1
+1 1
+1 2
+4 1
+1 1
+3 1
+1 1
+1 1
+3 1
+1 1
+1 1
+6 1
+1 1
+1 1
+1 1
+1 1
+1 1
+72 5
+1 5
+1 5
+1 5
+1 5
+2 5
+1 5
+1 5
+1 5
+1 5
+1 5
+1 5
+1 1
+4 1
+1 1
+1 1
+6 1
+1 1
+1 2
+4 1
+1 1
+3 1
+1 1
+1 1
+3 1
+1 1
+1 1
+6 1
+1 1
+1 1
+1 1
+1 1
+1 1
+7 1
+1 1
+2 1
+1 1
+2 1
+1 1
+1 1
+3 1
+1 1
+1 1
+6 1
+1 1
+1 1
+1 1
+1 1
+1 1
+41 3
+1 3
+1 3
+1 3
+1 3
+2 3
+1 3
+1 3
+1 3
+1 3
+1 3
+1 3
+1 1
+4 1
+1 1
+1 1
+6 1
+1 1
+1 2
+4 1
+1 1
+3 1
+1 1
+1 1
+3 1
+1 1
+1 1
+6 1
+1 1
+1 1
+1 1
+1 1
+1 1
+72 4
+1 4
+1 4
+1 4
+1 4
+2 4
+1 4
+1 4
+1 4
+1 4
+1 4
+1 4
+1 4
+4 4
+1 4
+1 4
+6 4
+1 4
+1 8
+4 4
+1 4
+3 4
+1 4
+1 4
+3 4
+1 4
+1 4
+6 4
+1 4
+1 4
+1 4
+1 4
+1 4
1693 5
+1 5
+1 5
+1 5
+1 5
+2 5
+1 5
+1 5
+1 5
+1 5
+1 5
+1 5
+1 4
+4 4
+1 4
+1 4
+6 4
+1 4
+1 8
+4 4
+1 4
+3 4
+1 4
+1 4
+3 4
+1 4
+1 4
+6 4
+1 4
+1 4
+1 4
+1 4
+1 4
+72 1
+1 1
+1 1
+1 1
+1 1
+2 1
+1 1
+1 1
+1 1
+1 1
+1 1
+1 1
1943 2
+1 2
+1 2
+1 2
+1 2
+2 2
+1 2
+1 2
+1 2
+1 2
+1 2
+1 2
+1 2
+4 2
+1 2
+1 2
+6 2
+1 2
+1 4
+4 2
+1 2
+3 2
+1 2
+1 2
+3 2
+1 2
+1 2
+6 2
+1 2
+1 2
+1 2
+1 2
+1 2
+72 18
+1 18
+1 18
+1 18
+1 18
+2 18
+1 18
+1 18
+1 18
+1 18
+1 18
+1 18
+2 6
+4 6
+1 6
+1 6
+6 6
+1 6
+2 12
+4 6
+1 6
+3 6
+1 6
+1 6
+3 6
+1 6
+1 6
+6 6
+1 6
+1 6
+1 6
+1 6
+1 6
+74 24
+2 24
+1 24
+1 24
+1 24
-3 22
+1 22
+1 22
+1 22
+1 48
+5 24
+6 24
+1 24
+8 24
+1 24
-16 144
+6 144
+1 144
+8 144
+1 144

fl=(19)
fn=(46)
255 24
-5 24
+16 12
-16 72
+13 12
+1 36
-3 24
+11 60
+5 24
+2 12
+1 12
-1 12
+5 48
cfn=(48) intel_check_word.constprop.0
calls=12 123 
* 3876
+2 24
+3 60
cfn=(48)
calls=12 123 
* 1156
+2 24
+3 5
cfn=(48)
calls=1 123 
* 20
+2 2
+3 5
cfn=(48)
calls=1 123 
* 255
+2 2
-35 3
+39 3
+5 96

fn=(48)
123 78
-4 78
+10 104
-10 26
+10 52
+2 52
+71 200
-71 102
+2 63
+2 126
+8 126
+51 102
+22 51
fi=(20) ./elf/../bits/stdlib-bsearch.h
28 51
-1 102
+4 102
+1 51
fe=(19)
+78 102
fi=(20)
-79 76
+1 38
fe=(19)
+78 76
+3 345
fi=(20)
-84 820
+2 512
+1 256
fe=(19)
+78 512
+15 15
246 104
fi=(20)
37 63
-8 151
fe=(19)
155 36
+3 36
-6 54
+3 14
+9 14
+23 19
-32 57
+3 57
+4 50
+2 100
+2 50
+2 36
+4 11
+2 22
+6 14
+3 8
+1 12
-8 4
+2 4
-1 4
-1 4
+2 8
-2 4
+3 12
-2 12
+2 8
-10 24
+1 10
+11 12
-26 4
+9 4
+23 2
-32 6
+3 6
+4 8
+2 16
+2 8
-11 3
+7 6
+2 12

fn=(52)
481 1
+17 1
-17 4
+16 1
-16 1
+15 1
-15 3
+18 1
-1 1
+9 2
+3 3
+11 1
-11 1
-5 1
+21 3
+4 2
681 4
+1 5
+4 2
+9 2
-2 1
+2 2
-1 1
+1 3
535 6
+3 8
+7 2
-7 9
+7 6
+3 26
+14 2
+4 1
+3 1
+1 1
-4 2
+3 3
+6 2
-37 6
+15 2
+4 1
+1 1
-1 2
+18 2
-68 6
+74 4
+8 7
+2 2
+4 3
+2 1
+2 5
-4 1
+16 1
-16 3
+21 2
-21 4
+3 1
+1 4
-4 1
+6 4
+3 2
+5 1
+2 2
+1 1
+1 1
-2 2
+1 1
-19 5
+46 2
+1 1
+1 2
+2 2
-1 3
-23 2
+7 1
+2 2
-16 1
+22 1
-6 2
+1 1
+5 1

fl=(56) ./io/../sysdeps/unix/sysv/linux/read_nocancel.c
fn=(180) __read_nocancel
25 2
+1 8
+1 2

fl=(58) ./io/../sysdeps/unix/sysv/linux/fstat64.c
fn=(190) fstat
29 6
+1 6
+5 9
cfi=(59)
cfn=(192)
calls=3 153 
* 24

fl=(8) ./elf/./elf/dl-setup_hash.c
fn=(14) _dl_setup_hash
25 4
+3 4
-3 4
+3 8
+3 12
+1 8
+2 4
-1 4
+3 12
+1 4
+4 4
-3 4
+7 4
-4 4
-3 4
+2 8
+5 4
-5 4
-2 4
+7 4
-5 4
+10 4

fl=(31)
fn=(138) expand_dynamic_string_token
385 14
241 2
385 2
241 2
385 2
241 2
cfi=(42)
cfn=(118)
calls=2 23 
* 72
+3 4
410 2
-11 2
+11 12
-11 2
cfi=(45)
cfn=(140)
calls=2 40 
* 168

fn=(216) open_path
1870 8
+1 1
-1 6
+1 1
+6 2
+5 16
-7 2
+7 1
-8 1
+8 2
+3 2
+9 6
+7 3
+1 1
-1 1
cfi=(29)
cfn=(128)
calls=1 199 
* 13
-12 1
+12 1
+59 5
-58 4
+3 20
+5 80
cfi=(29)
cfn=(128)
calls=10 199 
* 134
* 40
cfi=(29)
cfn=(128)
calls=10 199 
* 130
+3 20
+6 30
+3 60
cfn=(218) open_verify.constprop.0
calls=10 1568 
* 540
* 10
+2 30
+2 20
+65 8
+7 2
-2 2
+2 2
+3 3
-13 1
+27 9
1902 58
+29 20
+1 70
+6 20
+2 10
-2 10
+2 20
cfi=(67)
cfn=(220)
calls=10 28 
* 158
* 10
+3 10
-3 20
+1 1
+2 2
-2 1
+2 26
-61 2

fn=(218)
1568 121
+39 33
+19 44
cfi=(55)
cfn=(178)
calls=11 28 
* 239
* 11
+2 22
+11 1
+6 2
-5 1
+5 8
cfi=(56)
cfn=(180)
calls=1 25 
* 6
+2 2
+2 2
+2 2
+6 2
+17 11
fi=(28)
50 2
cfi=(27)
cfn=(144)
calls=1 +45 
* 5
fe=(31)
1856 99
1674 3
+74 2
+5 2
+2 4
+6 2
+6 1
+1 1
-1 3
+1 1
-1 1
+1 2
+21 3
+31 1
-31 1
1633 1
1820 2
-31 48
+1 24
+1 8
+4 8
+6 4
+1 28
+10 12
cfi=(71)
cfn=(232)
calls=2 25 
* 14
* 16
+8 18
+15 2
+6 1
-3 1
+1 1
+1 1
+1 2
-3 1
+1 1
+1 1
+2 1
-3 3
-1 1
+4 2
-19 18
+3 2
-4 2
+4 4
+5 1
+1 4
-60 13
+1 3
-1 1
+1 3
cfi=(71)
cfn=(232)
calls=1 25 
* 7
* 3
+16 5
1612 20
+62 3
1802 4
-30 2

fn=(134) fillin_rpath.isra.0
468 7
+4 1
-4 8
+6 3
cfi=(7)
cfn=(136)
calls=1 239 
* 240
* 3
cfi=(7)
cfn=(136)
calls=1 239 
* 8
* 6
+7 2
+2 3
cfn=(138)
calls=1 -98 
* 118
* 1
+4 2
+5 2
cfi=(22)
cfn=(60)
calls=1 41 
* 17
* 1
+1 2
+7 5
+9 15
+1 8
+55 2
fi=(28)
50 2
cfi=(27)
cfn=(144)
calls=1 +45 
* 5
+1 1
fe=(31)
528 2
+4 3
fi=(28)
56 1
cfi=(27)
cfn=(76)
calls=1 -21 
* 25
* 1
fe=(31)
534 2
+5 1
+1 2
-1 1
-1 1
+2 1
cfi=(29)
cfn=(128)
calls=1 199 
* 13
+3 1
-3 1
+1 1
+2 1
+6 1
+1 1
-1 3
+1 11
+1 1
-1 1
+1 2
-1 2
+1 1
-1 1
+1 2
-1 6
+1 1
-1 1
+1 1
-1 3
+1 1
-1 2
+3 1
+1 1
-1 1
+1 2
+1 1
+6 2
+1 2
-57 4
+66 1
+3 8
-46 4

fn=(106) _dl_init_paths
706 11
+14 1
-14 2
+14 2
cfi=(38) ./elf/./elf/dl-hwcaps.c
cfn=(108) _dl_important_hwcaps
calls=1 175 
* 1847
fi=(28)
56 1
fe=(31)
720 1
fi=(28)
56 1
cfi=(27)
cfn=(76)
calls=1 -21 
* 25
fe=(31)
725 1
+2 2
+7 2
+1 2
-1 3
+5 3
fi=(28)
56 1
cfi=(27)
cfn=(76)
calls=1 -21 
* 25
fe=(31)
739 1
+2 4
+17 1
-10 1
+19 1
-11 1
-9 1
+9 1
+12 2
-10 1
+3 2
+9 1
-7 1
+4 1
+3 2
-3 1
-8 1
+3 1
+8 1
-3 1
+1 16
cfi=(44)
cfn=(132)
calls=4 125 
* 72
+2 18
-14 3
+10 3
+4 3
-12 3
-2 3
+2 3
+4 3
-3 3
+3 3
+1 3
-2 3
+5 6
+1 3
-4 3
+4 3
+15 1
+3 1
-15 1
+7 1
-1 1
+9 2
+2 4
+2 3
+36 5
+2 2
cfi=(22)
cfn=(60)
calls=1 41 
* 17
* 9
-19 1
-2 1
+2 2
+19 9
cfi=(29)
cfn=(80)
calls=1 212 
* 11
* 1
+5 4
-1 2
+2 1
+1 2
-2 4
+1 13
+1 26
-2 52
+5 1
fi=(28)
56 1
cfi=(27)
cfn=(76)
calls=1 -21 
* 25
fe=(31)
836 1
fi=(28)
56 1
fe=(31)
838 2
+6 6
cfn=(134)
calls=1 468 
* 587
+3 3
+6 1
+4 8
-35 2
+5 2

fn=(176) open_verify.constprop.1
1568 11
+39 3
+19 4
cfi=(55)
cfn=(178)
calls=1 28 
* 19
* 1
+2 2
+11 1
+6 2
-5 1
+5 8
cfi=(56)
cfn=(180)
calls=1 25 
* 6
+2 2
+2 2
+2 2
+6 2
+17 11
fi=(28)
50 2
cfi=(27)
cfn=(144)
calls=1 +45 
* 5
fe=(31)
1856 9
1674 3
+74 2
+5 2
+2 4
+6 2
+6 1
+1 1
-1 3
+1 1
-1 1
+1 2
+1 2
+20 3
+31 1
-31 1
1633 1
1820 2
-31 66
+1 28
+1 8
+4 8
+25 12
+3 18
+3 2
-4 2
+4 4
+6 4
-36 6

fn=(184) _dl_map_object_from_fd
944 20
+10 2
-10 8
+10 2
cfi=(46)
cfn=(186)
calls=2 38 
* 14
* 2
+7 8
+85 8
+10 4
+7 14
cfi=(26)
cfn=(70)
calls=2 59 
* 766
* 2
+1 4
+11 4
+5 2
-5 2
+1 4
+1 2
+2 2
-2 2
+2 4
+1 6
+1 2
+19 2
-2 1
+2 12
-2 1
+2 30
+10 8
+85 2
-58 2
-34 2
-1 2
+93 2
+6 2
-64 4
+9 2
+55 4
-55 2
-42 2
+97 4
1101 2
-5 4
+15 60
+20 2
+1 1
-22 69
+1 127
1213 4
1110 2
1213 4
1110 6
1218 6
+10 4
+1 2
-1 2
+1 2
-1 6
+1 6
-1 6
+1 6
-1 18
1076 4
1235 4
+10 8
+7 4
fi=(61) ./elf/./dl-map-segments.h
96 2
fe=(31)
1252 6
fi=(61)
28 2
fe=(31)
1252 2
fi=(61)
96 2
fe=(31)
1252 2
fi=(61)
28 4
+1 16
cfi=(60)
cfn=(194)
calls=2 +18 
* 18
+74 4
-1 2
-73 2
+74 2
+3 4
+1 2
+2 2
-3 2
+1 2
+2 2
+17 2
+2 2
fi=(62) ./elf/./dl-load.h
-37 16
+1 6
+2 16
fi=(61)
+56 32
+8 2
-2 2
+1 2
+2 2
-1 2
+1 2
-1 6
+8 4
+3 4
+8 14
cfi=(44)
cfn=(132)
calls=2 -52 
* 237
+1 4
+5 4
+12 8
-59 40
+2 12
+3 6
-3 12
+2 48
cfi=(60)
cfn=(194)
calls=6 -93 
* 54
* 18
fi=(57) ./elf/../sysdeps/posix/dl-fileid.h
37 6
cfi=(58)
cfn=(190)
calls=2 -8 
* 30
* 4
fe=(31)
999 4
fi=(57)
40 6
fe=(31)
999 2
fi=(57)
40 2
fe=(31)
999 23
+1 10
fi=(57)
49 12
fe=(31)
1515 18
1018 4
+66 13
+1 2
-1 1
+1 1
-1 1
+1 1
cfi=(71)
cfn=(232)
calls=1 25 
* 7
* 2
+26 26
+26 48
+10 8
-1 8
-1 8
+2 8
+2 8
-2 8
-1 48
+2 16
+1 8
+2 8
-3 8
+3 48
+2 16
+4 16
+1 30
+4 6
+1 6
-1 6
+1 42
-18 6
+28 6
-11 2
+1 2
-1 2
+1 14
-18 2
+28 2
-56 4
+7 2
+2 2
-2 2
+1 2
+1 2
-1 4
+1 16
+50 3
+5 1
-1 2
+5 1
-5 2
-56 1
+61 4
+1 1
+3 1
-3 1
+8 4
+15 4
+1 2
+58 8
+1 6
fi=(63) ./elf/./elf/get-dynamic-info.h
39 4
+6 2
-2 2
+2 4
+9 2
+5 2
+3 2
+2 2
-3 2
-3 2
-3 28
+13 8
-23 32
+23 29
-23 116
+4 74
+5 40
+2 10
+3 8
+13 8
+10 7
+1 8
+1 8
+1 8
+2 8
+5 7
+1 7
+1 8
+3 6
+5 2
+7 4
+1 6
+22 6
+5 2
+2 2
+2 2
+2 2
+4 6
+2 3
+1 2
+9 2
+6 2
+4 4
fe=(31)
1275 4
+1 4
+2 4
+10 6
+19 6
+2 10
+52 6
+1 2
+6 16
+1 42
+6 8
cfn=(88) _dl_process_pt_gnu_property
calls=2 868 
* 40
-7 54
+1 25
+6 25
-6 50
fi=(30) ./elf/../sysdeps/x86/dl-prop.h
95 16
213 2
-1 4
105 4
212 2
105 2
-2 2
-3 2
+2 2
+3 2
-4 4
+92 8
-1 2
-87 6
+3 6
+1 4
+1 4
+4 6
+4 6
+3 6
+1 4
+4 2
+1 8
+58 6
+2 8
-56 6
+1 3
+3 6
+3 3
+1 12
+5 6
+2 6
+5 6
+14 3
-1 6
+2 2
-1 4
fe=(31)
1380 4
cfi=(64) ./io/../sysdeps/unix/sysv/linux/close_nocancel.c
cfn=(204) __GI___close_nocancel
calls=2 25 
* 12
* 4
+13 4
+2 8
+2 4
+16 4
cfi=(8)
cfn=(14)
calls=2 25 
* 58
+4 4
+1 4
+17 4
+1 1
+3 1
+5 1
-5 1
+5 1
-5 1
+5 1
-5 1
+5 1
+10 4
+7 12
+10 4
+1 4
+5 2
cfi=(47)
cfn=(236)
calls=1 131 
* 10
+7 6
cfi=(26)
cfn=(82)
calls=2 31 
* 94
+3 8
+23 14
+1 6
cfi=(49) ./elf/./elf/dl-audit.c
cfn=(206) _dl_audit_objopen
calls=2 76 
* 10
* 2
fi=(62)
95 5
+2 1
-1 2
+1 1
-1 1
+1 1
-1 1
+1 1
-1 2
+3 4
fe=(31)
1506 10
fi=(30)
198 8
+2 2
+1 2
+2 2
-3 6
fe=(31)
1368 6
fi=(63)
62 8
+2 8
fe=(31)
1084 2
fi=(61)
187 8
cfi=(60)
cfn=(194)
calls=1 47 
* 9
+3 2
fe=(31)
1462 6
+2 1
-1 5
+1 1
-1 1
+1 1
-1 1
cfi=(32)
cfn=(90)
calls=1 108 
* 25
* 2
+2 5
1275 2
fi=(57)
49 3
fi=(30)
170 3
-39 2
fe=(31)

fn=(88)
868 3
+8 3
-8 3
+8 3
-6 3
+12 6
-13 3
+13 3
-13 3
+13 6
+3 9
+1 6
+1 6
+43 3

fn=(212)
238 4
+3 2
-3 4
+7 2
-7 4
+3 2
cfi=(42)
cfn=(118)
calls=2 23 
* 72
+3 4
+20 14

fn=(172)
2022 30
+8 6
+1 12
+3 42
+5 49
+2 21
cfi=(54)
cfn=(174) _dl_name_match_p
calls=7 68 
* 810
* 14
+4 12
+1 18
+4 2
-1 10
+1 2
+1 2
-1 2
+1 2
cfi=(32)
cfn=(90)
calls=2 108 
* 86
* 4
2329 27
2068 2
+1 2
-1 2
+1 2
-1 2
+1 2
-1 4
-44 2
+53 6
+17 4
-2 2
+2 2
cfi=(42)
cfn=(118)
calls=2 23 
* 48
* 4
2260 2
-1 3
cfn=(138)
calls=1 385 
* 168
+2 1
-3 1
+1 1
+2 2
+4 5
cfn=(176)
calls=1 1568 
* 283
+3 2
-3 1
+3 1
+12 4
+46 1
+1 3
-1 1
+1 9
cfn=(184)
calls=1 944 
* 1819
-1 1
+1 3
-1 1
+1 9
cfn=(184)
calls=1 944 
* 2200
* 6
2098 2
cfi=(22)
cfn=(60)
calls=1 41 
* 17
* 2
+2 2
+7 4
+51 11
cfn=(216)
calls=1 1870 
* 1656
+6 1
-6 1
+6 4
682 1
2165 1
682 2
2252 2
+28 4
+2 4
2111 1
696 3
2111 1
+1 1
696 2
2116 3
682 1
2117 1
682 2
2173 1
+14 2
+2 3
+4 2
cfi=(68)
cfn=(222)
calls=1 416 
* 931
* 1
+2 2
+4 2
+8 3
+23 6
cfn=(218)
calls=1 1568 
* 396
+4 2
-4 1
+4 1
+1 2
2131 5
+1 10
682 1
2133 1
682 2
2157 3
+1 2
-16 2

fl=(192)
fn=(730)
31 9
+20 3
-3 7
+3 4
+3 2
cob=(3)
cfi=(193)
cfn=(732)
calls=1 +23 
* 43
+2 1
+3 2
+2 6
+7 2
-2 1
+2 1
cfi=(49)
cfn=(466) _dl_audit_activity_nsid
calls=1 -28 
* 21
+5 14
+5 1
-5 1
+5 3
+2 8
+2 8
+2 8
+1 4
+1 4
+4 4
-12 12
+14 6
+1 4
+6 5
cfi=(12)
cfn=(244)
calls=1 288 
* 300
+9 2
cob=(3)
cfi=(194)
cfn=(734)
calls=1 367 
* 34
+5 6
+2 1
+2 3
-2 3
+2 9
+3 8
+3 12
+4 2
+11 4
+1 1
+1 2
+1 5
+1 2
cob=(5)
cfi=(150)
cfn=(736)
calls=1 0 
* 92
-1 5
+5 3
+1 6
cob=(2)
cfi=(51)
cfn=(762) 0x000000000483f334
calls=1 0 
* 110
cob=(2)
cfi=(51)
cfn=(758) 0x000000000010af70
calls=1 0 
* 4
+6 8
cfi=(49)
cfn=(760) _dl_audit_objclose
calls=4 -57 
* 20
+5 4
-45 12
+49 3
cfi=(49)
cfn=(466)
calls=1 40 
* 21
* 2
-38 9
+3 2
+41 6
+6 2
+7 8
73 2

fl=(38)
fn=(108)
175 5
+1 1
-1 6
+1 1
-1 1
+1 1
-1 1
+1 1
-1 1
+1 2
cfi=(10)
cfn=(24)
calls=1 402 
* 21
* 1
+2 2
+1 3
+26 2
-26 1
+25 1
cfi=(39)
cfn=(110)
calls=1 29 
* 47
fi=(40) ./elf/./dl-hwcaps.h
54 1
fe=(38)
205 1
-1 1
fi=(40)
56 1
+32 1
+1 1
+1 1
fe=(38)
-35 2
cfi=(41)
cfn=(116)
calls=1 -4 
* 13
* 2
fi=(40)
-1 1
+2 2
-2 1
+34 2
+1 2
+1 1
fe=(38)
-32 2
-1 2
+1 2
+1 2
-1 2
-3 4
cfi=(41)
cfn=(116)
calls=2 -4 
* 114
* 2
cfi=(41)
cfn=(116)
calls=1 -4 
* 122
* 6
+48 5
fi=(28)
-47 1
cfi=(27)
cfn=(76)
calls=1 -21 
* 25
fe=(38)
+47 1
+2 2
+3 2
fi=(40)
-52 1
fe=(38)
+55 1
-3 1
fi=(40)
-54 2
+3 1
fe=(38)
+58 2
cfi=(41)
cfn=(122)
calls=1 -90 
* 12
* 2
fi=(40)
-61 1
+2 2
-2 1
+34 2
+1 2
+1 1
fe=(38)
+40 4
+1 2
-1 6
+2 2
+1 2
-2 6
-3 4
cfi=(41)
cfn=(116)
calls=2 -77 
* 114
* 2
cfi=(41)
cfn=(116)
calls=1 -77 
* 122
* 6
+8 2
+9 1
-15 1
+15 2
-15 1
+15 8
+9 2
+4 7
cfi=(43) ./string/../sysdeps/x86_64/memcmp.S
cfn=(124) bcmp
calls=1 22 
* 41
+1 2
+1 1
+4 1
+1 2
+1 1
-20 2
+19 1
+1 1
-20 2
-1 4
+70 1
+1 1
+4 1
-5 2
+1 4
+4 2
-4 1
+4 4
+1 1
-1 1
+1 2
+1 2
-2 5
+1 1
-1 1
+1 2
+1 2
-2 5
+5 1
+3 2
-3 2
+3 15
+7 1
-7 2
+2 3
+1 4
+2 1
fi=(205) ./elf/../sysdeps/x86/dl-hwcap.h
57 1
fe=(38)
233 2
fi=(205)
57 1
fe=(38)
233 2
fi=(205)
57 1
fe=(38)
233 1
+1 1
cfi=(22)
cfn=(60)
calls=1 41 
* 17
+1 1
+1 1
-6 1
+4 1
+1 1
-5 1
+5 1
+1 1
-1 2
-5 4
+10 3
-2 3
+2 1
+1 1
+1 1
-1 1
+4 4
+1 1
-1 1
+4 2
+4 1
-1 1
+1 4
-1 2
+4 3
+1 3
+19 10
+6 2
fi=(28)
56 1
cfi=(27)
cfn=(76)
calls=1 -21 
* 25
* 1
fe=(38)
283 2
+8 1
fi=(40)
54 1
+2 1
+34 1
-2 2
fe=(38)
-5 1
291 1
fi=(40)
54 1
+35 1
fe=(38)
291 1
fi=(40)
90 1
fe=(38)
-10 2
cfi=(41)
cfn=(116)
calls=1 -29 
* 13
* 2
fi=(40)
-26 2
+2 1
fe=(38)
+27 1
fi=(40)
-29 1
+34 2
+1 2
+1 1
fe=(38)
-8 2
+1 4
+7 2
-7 10
cfi=(29)
cfn=(128)
calls=2 199 
* 26
+4 2
+2 2
+2 2
-2 4
-9 4
cfi=(41)
cfn=(116)
calls=2 -29 
* 114
* 2
cfi=(41)
cfn=(116)
calls=1 -29 
* 122
* 6
304 1
+2 1
-2 1
-48 2
+72 1
-72 1
376 2
+13 2
-58 1
+45 1
+13 1
-58 1
-75 1
+82 1
+10 2
-92 1
+88 1
+4 3
-4 1
+3 7
-3 2
-3 1
+3 1
cfi=(29)
cfn=(128)
calls=1 199 
* 18
* 2
-3 1
+3 1
cfi=(29)
cfn=(128)
calls=1 199 
* 18
* 2
+3 2
-3 4
+3 5
+1 12
+1 2
-2 1
+2 1
cfi=(29)
cfn=(128)
calls=1 199 
* 15
* 2
-2 2
+5 8
cfi=(29)
cfn=(128)
calls=2 199 
* 30
* 4
+2 5
+5 6
+1 1
-1 3
+1 7
-1 25
+5 11
+4 1
-1 1
+1 2
-4 12
+4 2
-1 2
+1 13
-1 9
+1 18
+1 24
-1 12
-1 12
+2 24
-1 24
-1 24
+4 9
+3 1
+2 2
-1 1
-1 1
+2 1
-2 1
+2 2
-1 1
+1 2
+2 6
+1 2
+3 2
-6 2
+6 3
+7 8
+1 1
-1 2
+3 2
-3 3
+1 3
-1 6
+3 6
+3 4
-80 2
+86 9
-20 1
+1 2
-6 3
259 2
+1 2
+1 4
-1 3
+12 4
-44 2
+34 4
-2 3

fl=(134)
fn=(434)
74 30
+2 3
-2 3
+4 3
-4 3
+2 3
+2 9
+37 3
-37 9
+1 6
+2 12
+3 25
-52 3
+54 6
-54 3
+54 3
-54 9
+1 9
+2 6
+1 6
+12 12
+3 3
+2 3
-2 3
+2 9
cfi=(32)
cfn=(90)
calls=3 +55 
* 207
* 6
+4 6
+1 3
-1 3
+1 18
+1 9
cfi=(32)
cfn=(90)
calls=3 +49 
* 75
* 6
+57 27
-23 6

fl=(25) ./elf/./elf/dl-environ.c
fn=(68) _dl_next_ld_env_entry
28 3
+1 3
+3 41
+13 31
-13 62
+2 66
+1 18
+5 2
-3 2
+3 2
+2 2
+7 1

fl=(54)
fn=(174)
68 84
+1 28
cfi=(32)
cfn=(90)
calls=14 +39 
* 500
* 28
+3 14
+2 28
+6 15
-6 30
+1 54
cfi=(32)
cfn=(90)
calls=18 +33 
* 728
* 36
+8 3
-13 3
+13 20
-1 11
+1 33

fn=(224)
36 2
+3 1
-3 6
+3 1
-3 1
+3 1
cfi=(55)
cfn=(178)
calls=1 -11 
* 19
+1 2
+23 7
-21 4
cfi=(58)
cfn=(190)
calls=1 -13 
* 15
* 2
+2 2
+3 2
+13 2
cfi=(64)
cfn=(204)
calls=1 -35 
* 6
* 1
-11 6
cfi=(60)
cfn=(194)
calls=1 -2 
* 9
* 2

fl=(1) ???
fn=(0) 0x00000000000202b0
0 2
cfi=(2)
cfn=(2) _dl_start
calls=1 527 
0 134066
0 14
cfi=(144)
cfn=(474)
calls=1 77 
0 361
0 3
cob=(5)
cfi=(150)
cfn=(508)
calls=1 0 
0 104333258103

fl=(49)
fn=(530) _dl_audit_preinit
117 1
+1 4

fn=(760)
96 4
+1 16

fn=(466)
40 6
+4 3
-4 3
+4 3
-4 3
+4 3
-4 6
+4 3
+1 3
+1 12
+4 18

fn=(206)
76 2
+1 8

fn=(154) _dl_audit_activity_map
28 6
+2 1
-1 1
+1 2
+6 6

fl=(74) ./elf/./elf/dl-version.c
fn=(252) _dl_check_all_versions
361 6
+4 5
-2 2
+4 24
cfn=(254) _dl_check_map_versions
calls=4 155 
* 3809
-2 4
+2 12
-1 4
-1 8
+5 7

fn=(254)
155 32
+15 4
-15 8
+15 8
+2 20
+2 4
+1 4
-1 4
+1 4
+2 8
+3 4
-16 2
-8 2
+28 2
-4 2
+4 4
+16 2
36 4
200 2
36 10
+1 5
-1 10
+2 21
cfi=(54)
cfn=(174)
calls=7 +30 
* 805
* 14
208 6
+5 2
-71 4
+71 6
+8 2
-2 2
-2 4
+4 2
-4 12
+4 6
-2 6
-2 12
+4 6
-4 61
56 32
+8 24
+6 24
+16 8
+1 16
+2 8
+5 72
+14 150
+12 201
+4 67
-30 134
224 32
+3 24
+5 6
-11 6
110 8
+3 32
cfi=(32)
cfn=(90)
calls=8 -5 
* 284
* 34
236 8
+14 4
+3 8
+10 42
-7 168
+3 126
-3 8
+3 6
+8 6
+6 3
fi=(28)
44 3
fe=(74)
273 3
fi=(28)
44 3
cfi=(27)
cfn=(72)
calls=3 +34 
* 108
fe=(74)
272 3
fi=(28)
44 3
fe=(74)
274 6
+13 3
-3 3
+3 12
+2 9
+3 8
+4 6
+7 8
+1 8
-1 24
+1 8
+1 8
-2 8
+2 16
+1 24
+3 24
+5 6
-15 6
+2 6
-2 6
+2 6
-2 6
+2 12
-2 2
+2 2
-2 2
+2 2
-2 2
+2 4
+16 6
+39 36
-29 9
+3 8
+4 42
+6 42
+1 42
+1 42
-1 126
+1 42
-1 42
+1 42
+1 42
+3 126
+4 42
-14 88
+10 6
164 2
+86 2
-94 2
+94 3

fl=(142) ./elf/./elf/dl-runtime.c
fn=(458) _dl_fixup
46 16
+2 10
+1 2
+6 2
fi=(206) ./elf/../sysdeps/x86_64/dl-runtime.h
-27 2
fe=(142)
+21 2
+5 2
+1 2
-6 2
+6 4
+1 2
+2 2
-2 2
+2 2
-2 10
+7 4
+4 4
+4 6
+4 6
+1 8
-7 8
+16 2
-1 2
+1 4
+10 20
cfi=(78)
cfn=(278)
calls=2 840 
* 1363
* 2
+4 10
+10 20
+15 8
+9 6
+26 6
fi=(6)
+70 2
fe=(142)
-66 12

fl=(129) ./elf/./elf/dl-find_object.c
fn=(416) _dl_find_object_init
561 4
+3 1
+2 2
+13 1
cfn=(420) _dlfo_process_initial
calls=1 474 
* 79
+1 1
-1 1
+1 1
fi=(28)
56 1
cfi=(27)
cfn=(76)
calls=1 -21 
* 25
fe=(129)
580 1
fi=(28)
56 1
fe=(129)
582 2
+3 2
+5 1
+1 1
cfn=(420)
calls=1 474 
* 280
+3 3
+10 4
-37 2
cfi=(130) ./elf/./dl-find_object.h
cfn=(418) _dl_find_object_from_map
calls=1 95 
* 68
* 1
+29 2
cfn=(422) _dlfo_sort_mappings
calls=1 -60 
* 80
+3 6
+2 1

fn=(420)
474 2
+3 2
-3 2
+1 2
+3 4
+26 14
+1 6
+1 8
-1 16
+3 28
+3 24
-7 10
+25 2
+2 8
-18 18
+3 6
-1 6
cfi=(130)
cfn=(418)
calls=3 95 
* 189
+2 12

fn=(422)
536 1
+1 2
+3 4
+4 1
+1 1
-1 1
+1 2
-1 1
+1 1
-1 1
+1 6
+1 19
-1 9
+8 6
+1 4
-1 2
-13 4
+14 6
+1 4
-15 4
+17 1

fl=(72)
fn=(238)
30 20
+4 2
+1 4
+11 2
-1 4
+18 8

fl=(77) ./elf/./elf/dl-reloc.c
fn=(270) _dl_relocate_object
194 8
+14 4
-14 36
+16 4
-16 8
+14 4
+2 8
+3 4
-1 4
+1 8
+19 8
+6 20
-34 6
+38 6
+7 12
fi=(6)
71 10
+6 4
+4 3
+14 1
-8 1
+8 2
+20 2
+4 5
-2 2
fe=(77)
288 160
-83 1
fi=(6)
474 4
fe=(77)
205 2
+83 2
fi=(5) ./elf/./elf/do-rel.h
49 1
fe=(77)
288 1
fi=(5)
60 1
-11 2
+11 2
fe=(77)
288 3
-83 3
fi=(6)
474 12
fe=(77)
205 6
+83 6
fi=(5)
49 3
fe=(77)
288 3
fi=(5)
60 3
-11 6
+11 6
fe=(77)
288 8
fi=(5)
49 4
fe=(77)
288 4
fi=(5)
60 4
-11 8
+11 8
-7 1
-1 1
+11 8
fi=(6)
545 28
+4 28
+3 42
+1 14
fi=(5)
63 42
+2 216
+2 120
-4 120
+13 6
+1 8
+1 80
fi=(6)
545 40
+34 80
+2 40
cob=(3)
cfi=(127)
cfn=(406)
calls=1 31 
* 23
cob=(3)
cfi=(126)
cfn=(404)
calls=1 31 
* 7
cob=(3)
cfi=(125)
cfn=(400)
calls=1 33 
* 22
cob=(3)
cfi=(124)
cfn=(398)
calls=1 29 
* 7
cob=(3)
cfi=(122)
cfn=(394)
calls=1 29 
* 23
cob=(3)
cfi=(121)
cfn=(390)
calls=1 33 
* 17
cob=(3)
cfi=(119)
cfn=(386)
calls=1 29 
* 22
cob=(3)
cfi=(118)
cfn=(382)
calls=1 29 
* 17
cob=(3)
cfi=(117)
cfn=(378)
calls=1 29 
* 21
cob=(3)
cfi=(116)
cfn=(376)
calls=1 31 
* 7
cob=(3)
cfi=(115)
cfn=(372)
calls=1 29 
* 17
cob=(3)
cfi=(114)
cfn=(368)
calls=1 31 
* 21
cob=(3)
cfi=(113)
cfn=(364)
calls=1 29 
* 21
cob=(3)
cfi=(111)
cfn=(360)
calls=2 31 
* 38
cob=(3)
cfi=(109)
cfn=(356)
calls=1 29 
* 22
cob=(3)
cfi=(108)
cfn=(354)
calls=1 31 
* 7
cob=(3)
cfi=(107)
cfn=(350)
calls=1 29 
* 17
cob=(3)
cfi=(106)
cfn=(348)
calls=1 43 
* 7
cob=(3)
cfi=(105)
cfn=(346)
calls=1 29 
* 7
cob=(3)
cfi=(104)
cfn=(344)
calls=1 31 
* 7
cob=(3)
cfi=(103)
cfn=(342)
calls=1 66 
* 17
cob=(3)
cfi=(101)
cfn=(338)
calls=2 31 
* 46
cob=(3)
cfi=(99)
cfn=(334)
calls=1 31 
* 17
cob=(3)
cfi=(98)
cfn=(330)
calls=1 30 
* 21
cob=(3)
cfi=(97)
cfn=(326)
calls=2 29 
* 44
cob=(3)
cfi=(96)
cfn=(322)
calls=1 28 
* 21
cob=(3)
cfi=(95)
cfn=(320)
calls=1 61 
* 19
cob=(3)
cfi=(93)
cfn=(316)
calls=2 31 
* 42
cob=(3)
cfi=(91)
cfn=(312)
calls=1 29 
* 22
cob=(3)
cfi=(90)
cfn=(308)
calls=1 29 
* 19
cob=(3)
cfi=(88)
cfn=(304)
calls=1 29 
* 24
cob=(3)
cfi=(86)
cfn=(300)
calls=1 29 
* 19
cob=(3)
cfi=(85)
cfn=(298)
calls=1 65 
* 17
cob=(3)
cfi=(84)
cfn=(296)
calls=1 29 
* 7
cob=(3)
cfi=(82)
cfn=(292)
calls=2 31 
* 42
-36 40
+37 40
fi=(5)
77 121
fe=(77)
288 32
+3 24
+24 4
+3 8
+17 12
+2 32
-98 8
+3 2
+7 4
-9 2
fi=(5)
86 14
+2 14
+12 7
-14 28
+14 14
+10 10
+3 13
+1 3
fi=(6)
529 3
fi=(5)
114 3
fi=(6)
529 6
fi=(5)
114 1198
fi=(6)
529 1198
fi=(5)
114 1198
fi=(6)
529 2396
+5 2402
+1 1201
fi=(5)
113 1201
fi=(6)
535 1201
-5 1201
fi=(5)
113 2402
+7 28
+4 20
+2 10
-73 3
fi=(6)
484 3
fi=(5)
52 3
fi=(6)
484 6
fi=(5)
128 6
+1 3
+1 3
-2 3
+2 3
+3 3
-5 3
+2 3
-2 3
+1 6
+2 3
-2 3
+2 9
+2 6
-5 208
+1 104
+1 104
-2 104
+2 104
+3 104
-5 104
+2 104
-2 104
+1 208
+2 104
-2 104
+2 312
+2 208
+9 105
fi=(6)
262 210
+21 210
+4 210
+7 420
fi=(4)
138 267
fi=(6)
294 3414
cfi=(78)
cfn=(278)
calls=86 840 
* 49062
* 774
+2 267
+30 628
450 264
fi=(5)
145 298
-19 321
+32 15
+1 6
fi=(6)
294 2
+22 2
-22 4
fi=(5)
160 6
+3 2
+4 2
-4 2
+4 4
-2 2
-2 2
+2 2
+1 2
-1 4
fi=(6)
294 8
508 2
-1 4
+1 4
+1 2
cfi=(15)
cfn=(436)
calls=1 71 
* 6
cob=(3)
cfi=(80)
cfn=(288)
calls=1 86 
* 28
+1 2
fi=(5)
159 2
fi=(6)
510 2
fi=(5)
159 8
-13 36
fi=(6)
422 51
+4 68
+5 17
+9 17
-9 34
+9 17
fi=(5)
145 66
fi=(6)
296 150
+3 102
-3 102
+3 204
+2 5
+3 2
+1 3
+11 2
+7 1
cob=(3)
cfi=(88)
cfn=(304)
calls=1 29 
* 24
* 3
+3 2
fi=(5)
135 10
+3 2
fi=(6)
296 86
+3 86
-3 188
+3 4
fi=(5)
50 8
fe=(77)
308 14
fi=(6)
-14 29
fe=(77)
+49 20
+3 4
-3 4
+3 4
+4 8
+1 16
cfi=(128)
cfn=(410)
calls=4 117 
* 24
* 8
-63 6
fi=(5)
53 2
175 7
+2 2
+1 2
-1 1
+3 1
-3 4
+3 2
-3 10
+1 10
-1 5
+3 5
-3 20
+3 10
+8 6
fi=(6)
+74 12
+21 12
+4 12
+7 24
fi=(4)
138 18
fi=(6)
294 204
cfi=(78)
cfn=(278)
calls=6 840 
* 3251
* 54
+2 18
+30 36
450 12
fi=(5)
191 18
-16 18
+30 4
fi=(6)
+91 2
+3 2
-3 2
+3 4
-3 2
+3 2
-3 4
fe=(77)

fl=(135) ./elf/./elf/dl-call-libc-early-init.c
fn=(438) _dl_call_libc_early_init
27 1
+2 2
-2 1
+6 3
-6 1
+6 3
-6 1
+6 1
cfi=(134)
cfn=(434)
calls=1 +41 
* 177
+4 2
+2 4
+2 1
-1 1
+1 2
-1 1
cob=(3)
cfi=(136)
cfn=(440)
calls=1 -7 
* 1108

fl=(45)
fn=(140)
40 15
+1 3
cfi=(22)
cfn=(60)
calls=3 * 
* 87
* 3
fi=(207) ./string/../include/rtld-malloc.h
+15 6
cfi=(27)
cfn=(76)
calls=3 -21 
* 75
fe=(45)
-12 6
+4 3
-1 9
+1 6
-1 3
cfi=(29)
cfn=(80)
calls=3 212 
* 41

fl=(141) ./elf/../sysdeps/x86_64/dl-trampoline.h
fn=(456) _dl_runtime_resolve_xsave
67 2
+5 2
+3 2
+2 2
+10 2
+6 2
+1 2
+1 2
+1 2
+1 2
+1 2
+1 2
+4 2
+1 2
+3 2
+1 2
+2 2
+1 2
+1 2
+1 2
+1 2
+1 2
+2 2
+7 2
+1 2
+1 2
cfi=(142)
cfn=(458)
calls=2 -80 
* 1555
+1 2
+5 2
+1 2
+1 2
+2 2
+1 2
+1 2
+1 2
+1 2
+1 2
+1 2
+2 2
+2 2
+4 2
+2 2

fl=(130)
fn=(418)
95 8
+1 8
+1 4
+6 20
+1 119
+1 82
+2 12
+5 4

fl=(13)
fn=(100) _dl_discover_osversion
46 5
+2 3
+40 2
cfi=(36)
cfn=(102)
calls=1 +32 
* 6
+15 1
-15 2
+20 1
-1 1
+3 12
+4 3
-2 6
+2 11
+3 2
-1 2
+1 6
-3 8
+7 3
-1 3
+4 3
-2 3
+2 12
+9 5

fl=(60)
fn=(194)
47 24
+3 24
+8 48
+2 12

fl=(10)
fn=(54)
157 15
-55 5
+55 5
-55 5
+55 5
-55 35
+9 5
+1 5
fi=(208) ./elf/./dl-tunable-types.h
-22 10
fe=(10)
+22 20
+1 40
fi=(11) ./elf/./elf/dl-tunables.h
+8 10
+1 5
fe=(10)
-6 15
fi=(11)
+15 5
fe=(10)
-12 10
+4 10
+7 10
+1 10
+3 30
+1 5
+1 5
+1 5
+24 5
fi=(11)
-30 15
fe=(10)

fn=(18)
279 9
-9 9
71 170
+6 33
-3 66
+3 2270
+4 66
+5 66
fi=(11)
+54 33
fe=(10)
-54 132
fi=(11)
+55 86
-1 70
+1 20
-1 33
+1 66
fe=(10)
320 132
-18 4620
+6 7260
fi=(11)
140 297
+1 594
-1 19
+1 76
-1 95
fe=(10)
354 8
74 66

fn=(24)
402 33
+3 231
+9 33
-9 126
+9 10
+17 165
+2 33
-9 23
+1 23

fl=(43)
fn=(124)
22 1
+5 1
+1 1
+1 1
+1 1
+1 1
+1 1
+1 1
+1 1
+3 1
+1 1
+1 1
+1 1
+1 1
+1 1
+1 1
+1 1
+1 1
+2 1
+1 1
+17 1
+1 1
+17 1
+1 1
+1 1
+1 1
+1 1
+4 1
+47 1
+1 1
+1 1
+1 1
+1 1
+1 1
+1 1
+1 1
+1 1
+1 1
+1 1
+1 1
+1 1

fl=(53)
fn=(168)
30 3
+2 3
+9 3
+1 6
+1 3
+4 3
+1 3
+1 3
+1 3
+1 3
+2 6
+2 3
+1 3
+1 3
+2 6
+2 3
+8 3
+3 3
+1 3
+7 3
+1 3

fl=(2)
fn=(256) init_tls
756 3
+2 1
+4 1
-4 1
+4 2
+11 1
fi=(28)
44 1
fe=(2)
768 1
+4 1
fi=(28)
44 1
cfi=(27)
cfn=(72)
calls=1 +34 
* 36
fe=(2)
783 1
-12 1
+6 1
-9 1
+11 1
+4 1
+2 3
-1 2
+3 8
+4 1
+2 1
-2 2
-5 1
-1 2
+10 3
+3 2
cfi=(47)
cfn=(258)
calls=1 97 
* 79
+3 1
cfi=(47)
cfn=(260)
calls=1 221 
* 76
+7 1
cfi=(47)
cfn=(262)
calls=1 422 
* 442
* 1
+1 2
+6 1
+3 2
-3 1
+3 6
+3 1
cfi=(24)
cfn=(264)
calls=1 68 
* 75
+1 1
+3 5
-39 3
-1 7

fn=(250)
696 3
+2 4
cfi=(74)
cfn=(252)
calls=1 361 
* 3881
* 2
+4 2

fn=(156) handle_preload_list
894 10
+5 1
-5 2
+5 2
+6 1
-64 1
+54 3
+7 3
cfi=(50)
cfn=(158)
calls=1 25 
* 233
* 1
+1 3
+9 1
191 1
914 2
191 2
916 2
-80 1
+5 5
-10 1
+8 1
-4 1
+1 1
+1 1
+4 1
cob=(2)
cfi=(51)
cfn=(160) 0x0000000004002080
calls=1 0 
* 2784
+1 3
+8 3
+67 1
-18 2
+21 9
-15 4
cfi=(29)
cfn=(80)
calls=1 212 
* 19
+1 2

fn=(170)
663 2
+2 1
-2 1
+2 1
+1 2
-1 2
+1 3
cfi=(31)
cfn=(172)
calls=1 2022 
* 2683
* 1
+2 2

fn=(2)
527 10
85 1
fi=(6)
-40 1
fe=(2)
557 1
-4 1
85 2
556 1
85 1
fi=(3) ./elf/./get-dynamic-info.h
-40 1
fe=(2)
556 1
fi=(3)
45 2
+9 1
+5 1
+3 1
+2 1
+4 1
-7 1
-3 1
-3 14
+13 4
-23 16
+23 14
-23 56
+4 36
+5 20
+2 5
+3 4
fi=(4)
+21 1
fi=(3)
-8 3
+10 4
+1 4
+1 4
+1 4
+2 4
+5 4
+1 4
+1 4
+3 3
+5 2
+7 3
+1 3
+8 2
+1 2
+5 3
+3 3
fe=(2)
573 1
fi=(6)
71 1
fe=(2)
573 42
fi=(6)
414 1
fi=(5)
86 1
fe=(2)
573 2
fi=(5)
49 1
+37 1
-37 1
+37 1
+2 1
-2 1
+2 1
-2 1
+27 2
-27 1
fe=(2)
573 2
fi=(5)
49 1
+37 1
-37 1
+37 1
+2 1
-2 1
+2 1
-2 1
+27 3
+1 2
fi=(6)
534 2
fi=(5)
114 282
fi=(6)
534 282
+1 142
fi=(5)
113 142
fi=(6)
535 284
fi=(5)
113 284
+5 4
+8 7
fi=(6)
326 12
fi=(5)
126 21
+2 7
+2 7
-2 7
fi=(6)
287 7
fi=(5)
130 7
-2 7
+1 14
fi=(6)
287 14
+9 70
+3 14
+27 33
fe=(2)
573 6
fi=(5)
50 1
fi=(4)
+30 2
fi=(6)
326 2
+20 12
+1 6
fe=(2)
575 1
+13 1
cfi=(7)
cfn=(12)
calls=1 42 
* 10
+4 2
85 1
488 2
85 3
488 1
cfi=(8)
cfn=(14)
calls=1 25 
* 29
+2 2
-1 1
+1 2
+17 1
-15 1
-2 1
+17 1
-15 1
+9 1
-11 1
+17 1
cfi=(9)
cfn=(16)
calls=1 85 
* 131973
* 1
+2 2
+98 9
fi=(3)
62 4
+2 4
fe=(2)
573 3

fn=(64)
1320 2
205 1
311 1
1320 2
2818 1
1320 3
2829 1
1320 2
2698 1
1320 2
311 1
1320 3
207 1
310 1
205 1
+99 3
1332 1
cfi=(24)
cfn=(66)
calls=1 53 
* 17
2677 3
+6 5
-4 1
+4 1
+2 3
cfi=(25)
cfn=(68)
calls=1 28 
* 35
* 4
cfi=(25)
cfn=(68)
calls=2 28 
* 198
* 9
+4 6
-2 2
+2 6
+1 2
-1 6
+1 17
-1 89
+9 12
2845 4
+32 2
1348 1
+1 2
-1 2
+1 2
2774 3
+1 3
-56 2
+7 2
1627 9
cfi=(26)
cfn=(70)
calls=1 59 
* 230
* 1
+2 2
+1 1
+6 2
-6 1
+1 2
+1 3
+4 1
cfi=(26)
cfn=(82)
calls=1 31 
* 36
+1 2
1140 1
1326 1
1169 1
-29 1
+11 1
+18 2
-21 1
+21 1
-19 1
-4 1
+23 1
-21 1
+21 2
+57 1
-83 1
+23 1
+4 1
+19 1
+22 1
+15 5
-56 116
1275 4
+2 1
1169 18
fi=(30)
105 2
fe=(2)
1282 22
+6 4
cfi=(31)
cfn=(88)
calls=1 868 
* 20
-7 26
+1 13
+6 13
-6 26
fi=(30)
212 4
+1 2
95 8
+10 2
212 1
105 1
-2 1
-3 1
+2 1
+3 1
-4 2
+92 4
-1 1
-87 3
+3 3
+1 2
+1 2
+4 3
+4 3
+3 3
+1 2
+4 1
+1 4
+58 3
+2 4
-56 4
+1 2
+3 4
+3 2
+1 8
+5 4
+2 4
+5 4
+14 2
-1 4
+2 2
fe=(2)
1174 1
-5 1
+5 2
-5 2
+30 1
-9 1
+27 1
-27 1
+2 1
-3 1
+10 2
-20 2
-10 1
+10 1
+1 9
-11 2
+57 4
-1 4
+1 8
-1 4
+2 8
+1 1
+2 12
+1 14
+4 8
+1 8
+1 4
+1 10
+1 1
+4 1
-74 1
+74 2
-74 2
+74 3
-74 3
+74 6
-74 6
fi=(30)
165 2
fe=(2)
1271 1
1169 1
1271 1
1169 2
1294 1
+3 2
+2 1
-5 2
+3 2
+2 2
+2 2
1662 3
+2 1
-1 1
+1 2
+1 2
-2 1
+2 1
-2 2
cfi=(32)
cfn=(90)
calls=1 108 
* 34
* 2
+7 1
+3 1
-5 1
+3 1
+2 1
+1 2
+4 2
+2 2
fi=(3)
39 3
+6 1
-2 1
+2 2
+9 1
+5 1
+3 1
+2 1
-3 1
-3 1
-3 17
+13 5
-23 20
+23 21
-23 84
+4 52
+5 24
+2 5
+16 3
+25 3
+5 2
+7 2
+1 3
+22 3
+5 2
+2 2
+2 2
+2 2
+1 1
+3 3
+2 3
+1 2
+9 2
+6 2
+1 2
+3 2
fe=(2)
1688 3
+7 2
cfi=(8)
cfn=(14)
calls=1 25 
* 29
+3 2
fi=(33) ./elf/./setup-vdso.h
24 2
fi=(35) ./elf/../sysdeps/unix/sysv/linux/dl-vdso-setup.h
+21 1
fe=(2)
1723 1
cfi=(13)
cfn=(100)
calls=1 46 
* 100
* 8
fi=(37) ./elf/./dl-main.h
109 5
cfi=(31)
cfn=(106)
calls=1 706 
* 2926
fe=(2)
1731 3
cfi=(46)
cfn=(146)
calls=1 56 
* 30
+7 1
-7 1
+2 1
+5 1
+4 1
+3 1
-3 3
+1 2
+3 1
+5 1
-7 1
+7 1
+1 3
+12 2
+1 2
+5 1
-3 2
+2 1
+1 2
+5 3
+1 5
-1 2
233 1
-1 1
+1 3
+1 2
-2 1
+2 2
1793 2
+5 1
-1 1
+1 1
+24 1
cfi=(47)
cfn=(148)
calls=1 197 
* 6
* 1
fi=(48) ./elf/../sysdeps/generic/dl-debug.h
29 3
+1 2
fe=(2)
1828 2
+1 1
cfi=(46)
cfn=(152)
calls=1 116 
* 2
+1 1
+4 3
cfi=(49)
cfn=(154)
calls=1 28 
* 16
+5 3
+2 1
+2 2
+9 2
+16 4
cfi=(65)
cfn=(208)
calls=1 25 
* 9
* 2
+76 4
+16 3
85 1
1970 1
85 2
1970 2
85 1
1970 5
cfi=(66)
cfn=(210)
calls=1 159 
* 7852
92 1
1976 1
92 2
+9 2
1976 2
+1 5
-1 4
+1 6
-1 12
+4 4
+1 3
+1 1
+2 2
+1 4
-1 9
+1 9
+12 3
+1 2
+2 1
+2 3
+2 1
-4 1
+5 1
-1 2
+14 2
+1 2
+1 3
+11 2
+2 1
-2 1
+2 2
-2 1
+1 2
+1 1
-1 2
+1 1
cfi=(52)
cfn=(248)
calls=1 238 
* 3909
+10 2
+1 2
+3 2
862 1
fi=(209) ./elf/../sysdeps/unix/sysv/linux/dl-osinfo.h
64 2
fe=(2)
864 1
+6 1
+3 1
+7 1
-5 1
2052 3
2282 3
1778 2
+6 1
-6 2
+6 1
+2 3
fi=(30)
198 4
+2 1
+1 1
+2 1
-3 3
+3 1
fi=(3)
59 4
+3 4
+2 4
fi=(34) ./elf/../sysdeps/unix/sysv/linux/dl-vdso.h
-24 1
+1 2
fe=(2)
2331 1
1325 1
2342 1
-4 2
+10 1
-6 1
+6 1
+3 2
+8 1
fi=(30)
36 1
fe=(2)
2359 1
fi=(30)
37 3
+3 1
+13 6
-13 3
+9 6
-9 1
+9 20
+4 15
-16 12
+34 3
cfi=(76)
cfn=(268)
calls=1 252 
* 30
fe=(2)
2361 2
+54 3
+3 1
85 4
2422 1
+1 19
+2 8
+5 8
+2 8
+6 4
+2 12
+1 24
cfi=(77)
cfn=(270)
calls=3 194 
* 77156
+4 10
+1 2
-23 1
+23 1
cfi=(47)
cfn=(412)
calls=1 1015 
* 28
-23 6
92 3
+1 1
2454 1
93 1
2454 1
+5 4
+2 1
+7 3
cfi=(47)
cfn=(414)
calls=1 528 
* 146
+3 2
fi=(3)
72 2
+10 3
+1 4
+1 4
+1 4
+2 4
+5 4
+1 4
+1 5
fi=(35)
-64 3
+3 1
+3 1
+3 1
fi=(34)
+16 2
fe=(2)
2434 1
+1 1
-3 2
+49 3
+2 4
+10 1
cfi=(129)
cfn=(416)
calls=1 561 
* 571
+5 2
cfi=(7)
cfn=(424)
calls=1 76 
* 2372
+3 1
cfi=(133)
cfn=(432)
calls=1 30 
* 415
85 1
2507 1
+1 3
85 3
2508 2
cfi=(77)
cfn=(270)
calls=1 194 
* 4806
92 3
+9 2
2516 3
cfi=(135)
cfn=(438)
calls=1 27 
* 1309
+7 1
cfi=(9)
cfn=(464)
calls=1 262 
* 2
+4 3
cfi=(49)
cfn=(466)
calls=1 40 
* 21
+5 2
cfi=(46)
cfn=(186)
calls=1 38 
* 7
+1 1
-1 1
+2 1
cfi=(46)
cfn=(152)
calls=1 116 
* 2
+1 1
+4 1
cfi=(68)
cfn=(468)
calls=1 537 
* 18
+5 8
1741 4
1995 2
+50 2
cfn=(256)
calls=1 756 
* 784
* 2
2726 4
+2 2
+1 1
+46 2
+2 1
+1 1
-1 1
+1 1
+1 1
85 1
1847 1
85 2
1847 1
85 1
1847 2
cfn=(156)
calls=1 894 
* 3107
* 1
92 3
+9 3
1948 16
+1 1
-1 1
+4 3
+1 1
+1 2
+1 2
-7 2
fi=(30)
170 3
-39 2
fe=(2)

fl=(29)
fn=(80)
212 16
+1 16
+6 16
+1 16
+2 10
+1 10
+1 10
+2 7
+1 7
+1 7
+2 7
360 6
+1 6
+2 1
+4 1
+1 1
+1 1
+1 1
+1 1
+4 1
+2 1
+39 5
+1 5
+1 5
+1 5
+1 5
+7 3
+1 3
+1 3
+1 3
+1 3
+1 3
+1 3
+11 3
+1 3
+2 3
+1 3
+1 3

fn=(128)
199 32
+1 32
+1 32
+1 32
+17 32
+1 32
+2 6
+1 6
+1 6
+2 5
+1 5
+1 5
+2 5
360 26
+1 26
+2 8
+4 8
+1 3
+1 3
+1 2
+1 2
+1 2
+1 2
+2 2
+2 3
+6 5
+1 5
+1 5
+1 5
+1 5
+29 18
+1 18
+1 18
+1 18
+1 18
+7 1
+1 1
+1 1
+1 1
+1 1
+1 1
+1 1
+11 1
+1 1
+2 1
+1 1
+1 1

fl=(64)
fn=(204)
25 3
+1 12
+1 3

ob=(2)
fl=(51)
fn=(164)
0 6
cob=(1)
cfi=(52)
cfn=(166)
calls=3 175 
0 9100

fn=(698)
0 1958
cob=(3)
cfi=(185)
cfn=(700)
calls=979 25 
0 696612

fn=(600)
0 4
cob=(3)
cfi=(158)
cfn=(544)
calls=2 3287 
0 370

fn=(450)
0 38
cob=(1)
cfi=(10)
cfn=(24)
calls=19 402 
0 391
cob=(1)
cfi=(141)
cfn=(456)
calls=1 67 
0 813
0 5

fn=(500)
0 2
cob=(3)
cfi=(148)
cfn=(502)
calls=1 46 
0 34

fn=(758)
0 4

fn=(572)
0 2
cob=(3)
cfi=(165)
cfn=(574)
calls=1 181 
0 480017

fn=(576)
0 10308286
cob=(3)
cfi=(166)
cfn=(578)
calls=5154143 25 
0 4792834735

fn=(704)
0 3916
cob=(3)
cfi=(187)
cfn=(706)
calls=1958 51 
0 37202

fn=(770)
0 2
cob=(3)
cfi=(195)
cfn=(744)
calls=1 30 
0 72

fn=(516)
0 7

fn=(542)
0 8886318
cob=(3)
cfi=(158)
cfn=(544)
calls=4443159 3287 
0 830203238

fn=(762)
0 3
cob=(4)
cfi=(145)
cfn=(764)
calls=1 0 
0 105
0 2

fn=(160)
0 2
cob=(1)
cfi=(52)
cfn=(162)
calls=1 225 
0 2782

fn=(658)
0 58158
cob=(3)
cfi=(158)
cfn=(660)
calls=29079 3352 
0 2675344

fn=(526)
0 2
cob=(1)
cfi=(49)
cfn=(530)
calls=1 117 
0 5
cob=(1)
cfi=(141)
cfn=(456)
calls=1 67 
0 824
0 5

fn=(626)
0 1075710
cob=(3)
cfi=(179)
cfn=(628)
calls=537855 33 
0 82570525

fn=(630)
0 1075710
cob=(3)
cfi=(180)
cfn=(632)
calls=537855 50 
0 7529970

fn=(478)
0 6
cob=(4)
cfi=(145)
cfn=(482)
calls=1 0 
0 12
0 1
cob=(4)
cfi=(145)
cfn=(490)
calls=1 0 
0 5
0 2

fn=(648)
0 1079278
cob=(3)
cfi=(182)
cfn=(650)
calls=539639 294 
0 8100171

fn=(710)
0 54
cob=(3)
cfi=(189)
cfn=(712)
calls=27 25 
0 1296

fn=(742)
0 2
cob=(3)
cfi=(195)
cfn=(744)
calls=1 30 
0 72

totals: 104333392549
